-5.615118
-5.731156
-5.847194
-5.963232
-6.079271
-6.147207
-6.214755
-6.282302
-6.34985
-6.405584
-6.461126
-6.516668
-6.57221
-6.604365
-6.635945
-6.667524
-6.699103
-6.722028
-6.744666
-6.767304
-6.789942
-6.804209
-6.818126
-6.832042
-6.845959
-6.85208
-6.857808
-6.863535
-6.869262
-6.867899
-6.866115
-6.864331
-6.862546
-6.854435
-6.845891
-6.837346
-6.828801
-6.814704
-6.800176
-6.785648
-6.77112
-6.751788
-6.732038
-6.712288
-6.692538
-6.668675
-6.644415
-6.620154
-6.595893
-6.568131
-6.539997
-6.511863
-6.483729
-6.458638
-6.4339
-6.409162
-6.384425
-6.357523
-6.330348
-6.303173
-6.275997
-6.246903
-6.217546
-6.18819
-6.158833
-6.127763
-6.09644
-6.065118
-6.033795
-6.000935
-5.967831
-5.934728
-5.901624
-5.867135
-5.832412
-5.797688
-5.762965
-5.726993
-5.690795
-5.654598
-5.618401
-5.581079
-5.543542
-5.506005
-5.468468
-5.429924
-5.391175
-5.352427
-5.313678
-5.274034
-5.234198
-5.194362
-5.154526
-5.113902
-5.073099
-5.032296
-4.991493
-4.950005
-4.908354
-4.866702
-4.825051
-4.782815
-4.740432
-4.69805
-4.655667
-4.612795
-4.569795
-4.526795
-4.483795
-4.440399
-4.396894
-4.353389
-4.309883
-4.26607
-4.222168
-4.178266
-4.134363
-4.090237
-4.046043
-4.001848
-3.957654
-3.913315
-3.86893
-3.824544
-3.780159
-3.735703
-3.691223
-3.646744
-3.602264
-3.557782
-3.513299
-3.468817
-3.424334
-3.379913
-3.335514
-3.291115
-3.246716
-3.202436
-3.158202
-3.113968
-3.069734
-3.025673
-2.98168
-2.937686
-2.893693
-2.849922
-2.806241
-2.762559
-2.718878
-2.675462
-2.632159
-2.588855
-2.545551
-2.502553
-2.459689
-2.416824
-2.37396
-2.331436
-2.289067
-2.246698
-2.20433
-2.162334
-2.120514
-2.078694
-2.036874
-1.995457
-1.954236
-1.913015
-1.871794
-1.831001
-1.790426
-1.749851
-1.709276
-1.669155
-1.629271
-1.589388
-1.549505
-1.510098
-1.47095
-1.431803
-1.392655
-1.354005
-1.315636
-1.277266
-1.238897
-1.201046
-1.163496
-1.125947
-1.088398
-1.051385
-1.014696
-0.978007
-0.941318
-0.905181
-0.869389
-0.833597
-0.797805
-0.762577
-0.727714
-0.69285
-0.657987
-0.623695
-0.589784
-0.555873
-0.521963
-0.488623
-0.455677
-0.422732
-0.389786
-0.357403
-0.325421
-0.293439
-0.261457
-0.230023
-0.198994
-0.167965
-0.136936
-0.106467
-0.076424
-0.046382
-0.016339
0.008379
0.028899
0.049419
0.069939
0.090399
0.110811
0.131222
0.151634
0.171973
0.192252
0.21253
0.232809
0.253002
0.273121
0.29324
0.313359
0.33338
0.353312
0.373245
0.393177
0.412999
0.43272
0.45244
0.47216
0.49176
0.511247
0.530733
0.550219
0.569578
0.588811
0.608045
0.627279
0.64638
0.665348
0.684315
0.703282
0.722115
0.740806
0.759497
0.778188
0.796744
0.815152
0.833561
0.851969
0.870244
0.888367
0.906491
0.924614
0.942605
0.960443
0.978281
0.996119
1.013829
1.031383
1.048938
1.066492
1.083922
1.101196
1.11847
1.135745
1.152898
1.169896
1.186894
1.203892
1.220773
1.2375
1.254226
1.270953
1.287567
1.304026
1.320486
1.336946
1.353296
1.369494
1.385691
1.401888
1.41798
1.43392
1.449859
1.465798
1.481636
1.497321
1.513006
1.528692
1.544279
1.559714
1.575148
1.590583
1.605923
1.62111
1.636298
1.651485
1.666581
1.681524
1.696467
1.71141
1.726264
1.740966
1.755667
1.770368
1.784984
1.799446
1.813908
1.82837
1.842748
1.856973
1.871198
1.885422
1.899567
1.913556
1.927546
1.941536
1.955447
1.969204
1.98296
1.996716
2.010397
2.023922
2.037447
2.050973
2.064425
2.07772
2.091016
2.104311
2.117536
2.130604
2.143671
2.156739
2.169738
2.182579
2.195421
2.208262
2.221038
2.233655
2.246272
2.258889
2.271442
2.283836
2.29623
2.308624
2.320956
2.333129
2.345302
2.357475
2.369588
2.381541
2.393494
2.405448
2.417344
2.429079
2.440814
2.45255
2.46423
2.475749
2.487268
2.498787
2.510253
2.521557
2.532862
2.544166
2.555419
2.56651
2.577601
2.588693
2.599735
2.610615
2.621494
2.632374
2.643207
2.653877
2.664547
2.675217
2.685842
2.696304
2.706765
2.717227
2.727646
2.737901
2.748156
2.758411
2.768625
2.778675
2.788725
2.798775
2.808786
2.818633
2.828479
2.838326
2.848136
2.857781
2.867426
2.87707
2.88668
2.896125
2.90557
2.915014
2.924426
2.933673
2.942919
2.952165
2.961381
2.97043
2.979479
2.988529
2.997549
3.006403
3.015257
3.024111
3.032938
3.041599
3.050259
3.05892
3.067555
3.076023
3.084492
3.092961
3.101405
3.109683
3.117962
3.12624
3.134496
3.142586
3.150676
3.158766
3.166835
3.174738
3.182641
3.190545
3.198429
3.206147
3.213865
3.221583
3.229284
3.236819
3.244354
3.251889
3.259408
3.266761
3.274114
3.281467
3.288807
3.29598
3.303153
3.310326
3.317487
3.324482
3.331477
3.338472
3.345457
3.352275
3.359094
3.365913
3.372722
3.379366
3.38601
3.392654
3.399291
3.405762
3.412233
3.418705
3.425169
3.43147
3.43777
3.44407
3.450365
3.456496
3.462627
3.468758
3.474886
3.480849
3.486813
3.492776
3.498737
3.504535
3.510333
3.516131
3.521927
3.527561
3.533195
3.538829
3.544463
3.549935
3.555407
3.560879
3.56635
3.571664
3.576975
3.582287
3.587598
3.592754
3.597907
3.603061
3.608214
3.613214
3.618211
3.623208
3.628204
3.633051
3.637893
3.642735
3.647577
3.652273
3.656962
3.661651
3.66634
3.670885
3.675423
3.679961
3.684499
3.688897
3.693285
3.697674
3.702063
3.706314
3.710556
3.714797
3.719039
3.723146
3.727242
3.731338
3.735434
3.739398
3.74335
3.747302
3.751255
3.755078
3.758889
3.762699
3.76651
3.770194
3.773865
3.777536
3.781207
3.784754
3.788287
3.79182
3.795352
3.798764
3.802161
3.805557
3.808954
3.812233
3.815495
3.818757
3.822019
3.825166
3.828296
3.831426
3.834555
3.837572
3.840572
3.843571
3.84657
3.849459
3.852329
3.8552
3.85807
3.860833
3.863577
3.86632
3.869064
3.871703
3.874321
3.87694
3.879558
3.882074
3.884569
3.887065
3.88956
3.891955
3.894329
3.896703
3.899077
3.901354
3.903609
3.905863
3.908117
3.910277
3.912414
3.91455
3.916687
3.918732
3.920752
3.922773
3.924794
3.926725
3.928632
3.930539
3.932445
3.934265
3.936059
3.937854
3.939649
3.941358
3.943042
3.944727
3.946411
3.948012
3.949588
3.951164
3.95274
3.954235
3.955704
3.957173
3.958643
3.960033
3.961397
3.962761
3.964126
3.965413
3.966674
3.967935
3.969196
3.970383
3.971543
3.972702
3.973862
3.974949
3.976009
3.977069
3.978129
3.979119
3.980081
3.981043
3.982005
3.982899
3.983765
3.984631
3.985497
3.986297
3.987069
3.987841
3.988612
3.98932
3.989999
3.990678
3.991357
3.991974
3.992562
3.99315
3.993738
3.994266
3.994765
3.995264
3.995763
3.996203
3.996615
3.997026
3.997438
3.997793
3.998119
3.998444
3.99877
3.999041
3.999283
3.999525
3.999767
3.999956
4.000115
4.000275
4.000434
4.000542
4.000621
4.000701
4.00078
4.000809
4.000809
4.00081
4.00081
4.000762
4.000685
4.000608
4.000531
4.000407
4.000254
4.000101
3.999949
3.999751
3.999524
3.999297
3.999069
3.998799
3.998499
3.9982
3.9979
3.997558
3.997188
3.996817
3.996447
3.996036
3.995596
3.995156
3.994716
3.994237
3.993729
3.993222
3.992714
3.992169
3.991595
3.991021
3.990447
3.989837
3.989198
3.988559
3.98792
3.987247
3.986545
3.985843
3.985141
3.984406
3.983643
3.982879
3.982115
3.98132
3.980496
3.979673
3.978849
3.977995
3.977112
3.97623
3.975348
3.974436
3.973496
3.972557
3.971617
3.97065
3.969654
3.968659
3.967664
3.966641
3.965592
3.964542
3.963493
3.962417
3.961315
3.960212
3.95911
3.957983
3.956829
3.955675
3.954522
3.953344
3.95214
3.950937
3.949733
3.948506
3.947254
3.946002
3.944749
3.943475
3.942176
3.940876
3.939576
3.938256
3.936911
3.935565
3.93422
3.932855
3.931464
3.930074
3.928684
3.927275
3.925842
3.924409
3.922975
3.921524
3.920049
3.918574
3.917098
3.915606
3.91409
3.912574
3.911058
3.909526
3.907971
3.906415
3.90486
3.903289
3.901696
3.900103
3.898509
3.896901
3.895271
3.893641
3.89201
3.890366
3.888701
3.887035
3.885369
3.88369
3.88199
3.88029
3.878589
3.876877
3.875143
3.87341
3.871676
3.869931
3.868166
3.8664
3.864635
3.862858
3.861062
3.859266
3.85747
3.855663
3.853837
3.852011
3.850185
3.84835
3.846495
3.844641
3.842786
3.840922
3.839041
3.837159
3.835277
3.833386
3.831478
3.82957
3.827662
3.825745
3.823812
3.821878
3.819945
3.818004
3.816046
3.814089
3.812131
3.810167
3.808186
3.806205
3.804224
3.802237
3.800235
3.798232
3.796229
3.79422
3.792196
3.790173
3.788149
3.786119
3.784076
3.782032
3.779988
3.777939
3.775877
3.773814
3.771751
3.769684
3.767603
3.765522
3.763441
3.761356
3.759258
3.75716
3.755063
3.752961
3.750847
3.748733
3.746619
3.744502
3.742372
3.740243
3.738114
3.735982
3.733838
3.731695
3.729551
3.727405
3.725248
3.723091
3.720934
3.718775
3.716606
3.714437
3.712267
3.710096
3.707915
3.705734
3.703553
3.70137
3.699179
3.696987
3.694795
3.692602
3.690401
3.688199
3.685997
3.683794
3.681584
3.679373
3.677163
3.674951
3.672732
3.670513
3.668294
3.666074
3.663848
3.661622
3.659395
3.657168
3.654935
3.652702
3.650469
3.648236
3.645997
3.643758
3.641519
3.639279
3.637036
3.634792
3.632548
3.630303
3.628055
3.625806
3.623558
3.621309
3.619057
3.616805
3.614553
3.612301
3.610046
3.60779
3.605535
3.60328
3.601022
3.598765
3.596507
3.59425
3.591991
3.589732
3.587473
3.585214
3.582954
3.580694
3.578434
3.576174
3.573914
3.571653
3.569393
3.567133
3.564873
3.562613
3.560353
3.558093
3.555835
3.553576
3.551317
3.549058
3.546801
3.544543
3.542286
3.540028
3.537773
3.535518
3.533263
3.531008
3.528755
3.526503
3.52425
3.521998
3.519749
3.5175
3.515251
3.513002
3.510757
3.508512
3.506267
3.504022
3.501781
3.49954
3.4973
3.495059
3.492824
3.490588
3.488353
3.486117
3.483887
3.481657
3.479426
3.477196
3.474972
3.472748
3.470524
3.468299
3.466081
3.463864
3.461646
3.459428
3.457217
3.455006
3.452796
3.450585
3.448381
3.446178
3.443974
3.441771
3.439575
3.43738
3.435184
3.432989
3.430801
3.428614
3.426427
3.42424
3.422061
3.419882
3.417704
3.415525
3.413356
3.411186
3.409017
3.406848
3.404688
3.402528
3.400368
3.398209
3.396058
3.393909
3.391759
3.389609
3.387469
3.38533
3.38319
3.381051
3.378921
3.376793
3.374664
3.372536
3.370417
3.368299
3.366182
3.364064
3.361957
3.359851
3.357745
3.355639
3.353543
3.351449
3.349355
3.34726
3.345177
3.343094
3.341012
3.33893
3.336859
3.334789
3.332719
3.330649
3.32859
3.326533
3.324476
3.322419
3.320373
3.318329
3.316285
3.314241
3.312208
3.310178
3.308147
3.306116
3.304097
3.30208
3.300063
3.298046
3.29604
3.294037
3.292034
3.290031
3.288039
3.28605
3.284061
3.282072
3.280095
3.27812
3.276145
3.27417
3.272207
3.270247
3.268287
3.266327
3.264379
3.262433
3.260488
3.258543
3.256609
3.254679
3.252749
3.250819
3.2489
3.246985
3.24507
3.243155
3.241252
3.239353
3.237453
3.235553
3.233666
3.231782
3.229898
3.228014
3.226142
3.224274
3.222406
3.220538
3.218682
3.21683
3.214978
3.213125
3.211285
3.209449
3.207613
3.205777
3.203953
3.202133
3.200314
3.198494
3.196686
3.194883
3.19308
3.191277
3.189485
3.187699
3.185912
3.184125
3.182351
3.180581
3.178811
3.177041
3.175283
3.17353
3.171777
3.170024
3.168282
3.166546
3.16481
3.163074
3.16135
3.159631
3.157912
3.156192
3.154485
3.152783
3.151081
3.149379
3.147689
3.146004
3.144319
3.142635
3.140961
3.139294
3.137627
3.13596
3.134304
3.132654
3.131004
3.129354
3.127715
3.126083
3.124451
3.122818
3.121197
3.119582
3.117967
3.116352
3.114749
3.113151
3.111554
3.109957
3.108371
3.106791
3.105212
3.103632
3.102063
3.100502
3.09894
3.097378
3.095827
3.094283
3.092739
3.091195
3.089661
3.088135
3.086608
3.085082
3.083566
3.082057
3.080549
3.07904
3.077542
3.076051
3.07456
3.07307
3.071589
3.070116
3.068643
3.06717
3.065708
3.064253
3.062798
3.061343
3.059898
3.058461
3.057024
3.055587
3.05416
3.05274
3.051321
3.049902
3.048493
3.047091
3.04569
3.044289
3.042897
3.041514
3.04013
3.038747
3.037373
3.036007
3.034642
3.033276
3.03192
3.030572
3.029224
3.027876
3.026537
3.025207
3.023877
3.022546
3.021225
3.019913
3.0186
3.017288
3.015984
3.014689
3.013394
3.012099
3.010813
3.009536
3.008259
3.006982
3.005713
3.004454
3.003194
3.001935
3.000684
2.999442
2.9982
2.996958
2.995724
2.9945
2.993275
2.992051
2.990834
2.989627
2.98842
2.987213
2.986014
2.984824
2.983635
2.982445
2.981263
2.980091
2.978919
2.977746
2.976581
2.975426
2.974271
2.973116
2.971968
2.97083
2.969693
2.968555
2.967424
2.966303
2.965182
2.964061
2.962947
2.961843
2.960739
2.959636
2.958539
2.957452
2.956365
2.955278
2.954198
2.953128
2.952058
2.950987
2.949924
2.94887
2.947817
2.946764
2.945717
2.94468
2.943644
2.942607
2.941576
2.940556
2.939536
2.938516
2.937502
2.936498
2.935494
2.934491
2.933493
2.932506
2.931518
2.930531
2.929549
2.928578
2.927607
2.926636
2.925671
2.924716
2.923761
2.922806
2.921856
2.920917
2.919978
2.919039
2.918106
2.917183
2.91626
2.915337
2.914419
2.913512
2.912605
2.911698
2.910795
2.909904
2.909012
2.908121
2.907234
2.906358
2.905482
2.904606
2.903735
2.902874
2.902014
2.901153
2.900297
2.899452
2.898607
2.897761
2.89692
2.89609
2.89526
2.89443
2.893604
2.89279
2.891975
2.89116
2.890349
2.889549
2.888749
2.887949
2.887153
2.886368
2.885583
2.884798
2.884016
2.883246
2.882476
2.881705
2.880938
2.880182
2.879426
2.878671
2.877918
2.877177
2.876435
2.875694
2.874955
2.874228
2.873501
2.872774
2.872049
2.871336
2.870623
2.86991
2.8692
2.868501
2.867802
2.867103
2.866406
2.865721
2.865036
2.864351
2.863668
2.862997
2.862325
2.861654
2.860984
2.860326
2.859668
2.85901
2.858354
2.85771
2.857065
2.856421
2.855778
2.855147
2.854515
2.853884
2.853255
2.852637
2.852018
2.8514
2.850784
2.850179
2.849573
2.848968
2.848365
2.847772
2.84718
2.846588
2.845997
2.845417
2.844838
2.844258
2.84368
2.843113
2.842546
2.841979
2.841413
2.840858
2.840303
2.839749
2.839195
2.838653
2.83811
2.837567
2.837026
2.836496
2.835965
2.835435
2.834905
2.834387
2.833868
2.833349
2.832832
2.832325
2.831818
2.831311
2.830805
2.83031
2.829815
2.829319
2.828825
2.828341
2.827857
2.827374
2.826891
2.826418
2.825946
2.825474
2.825002
2.824541
2.824079
2.823618
2.823157
2.822707
2.822257
2.821807
2.821357
2.820918
2.820479
2.82004
2.8196
2.819172
2.818744
2.818315
2.817887
2.817469
2.817051
2.816633
2.816215
2.815807
2.8154
2.814992
2.814584
2.814187
2.81379
2.813392
2.812995
2.812607
2.81222
2.811833
2.811446
2.811068
2.810691
2.810313
2.809936
2.809568
2.809201
2.808833
2.808466
2.808108
2.80775
2.807392
2.807034
2.806686
2.806337
2.805989
2.805641
2.805301
2.804962
2.804624
2.804285
2.803954
2.803625
2.803295
2.802965
2.802644
2.802324
2.802003
2.801682
2.80137
2.801058
2.800747
2.800435
2.800131
2.799828
2.799525
2.799223
2.798927
2.798633
2.798339
2.798044
2.797757
2.797471
2.797185
2.7969
2.796621
2.796343
2.796066
2.795788
2.795518
2.795248
2.794979
2.794709
2.794447
2.794186
2.793924
2.793663
2.793408
2.793155
2.792901
2.792647
2.792401
2.792155
2.791909
2.791663
2.791424
2.791185
2.790947
2.790709
2.790477
2.790246
2.790016
2.789785
2.78956
2.789337
2.789114
2.78889
2.788673
2.788457
2.78824
2.788024
2.787814
2.787605
2.787396
2.787187
2.786983
2.786781
2.786578
2.786376
2.786179
2.785984
2.785788
2.785593
2.785403
2.785214
2.785025
2.784836
2.784652
2.78447
2.784287
2.784105
2.783927
2.783751
2.783575
2.783399
2.783228
2.783058
2.782888
2.782718
2.782553
2.782389
2.782226
2.782062
2.781902
2.781745
2.781587
2.781429
2.781275
2.781123
2.780971
2.780819
2.780671
2.780525
2.780378
2.780232
2.780089
2.779948
2.779807
2.779667
2.77953
2.779394
2.779259
2.779123
2.778991
2.778861
2.778731
2.778601
2.778475
2.77835
2.778225
2.7781
2.777979
2.777859
2.777739
2.777619
2.777503
2.777388
2.777273
2.777158
2.777046
2.776936
2.776826
2.776716
2.776609
2.776504
2.776398
2.776293
2.77619
2.77609
2.775989
2.775888
2.77579
2.775694
2.775597
2.775501
2.775407
2.775316
2.775224
2.775132
2.775042
2.774954
2.774867
2.774779
2.774694
2.77461
2.774526
2.774443
2.774362
2.774282
2.774202
2.774123
2.774045
2.773969
2.773893
2.773817
2.773744
2.773672
2.7736
2.773528
2.773458
2.773389
2.773321
2.773253
2.773186
2.773122
2.773057
2.772992
2.772929
2.772868
2.772806
2.772745
2.772686
2.772628
2.77257
2.772512
2.772456
2.772401
2.772347
2.772292
2.772239
2.772187
2.772136
2.772084
2.772034
2.771986
2.771937
2.771889
2.771842
2.771796
2.771751
2.771705
2.771661
2.771618
2.771576
2.771533
2.771492
2.771452
2.771412
2.771372
2.771333
2.771296
2.771259
2.771221
2.771185
2.771151
2.771116
2.771081
2.771048
2.771015
2.770983
2.770951
2.77092
2.77089
2.77086
2.77083
2.770801
2.770773
2.770746
2.770718
2.770692
2.770666
2.770641
2.770615
2.770591
2.770567
2.770544
2.770521
2.770498
2.770477
2.770456
2.770435
2.770414
2.770395
2.770375
2.770356
2.770338
2.77032
2.770303
2.770285
2.770269
2.770253
2.770237
2.770222
2.770207
2.770193
2.770179
2.770165
2.770152
2.770139
2.770127
2.770115
2.770103
2.770092
2.770082
2.770071
2.770061
2.770051
2.770042
2.770033
2.770024
2.770016
2.770008
2.77
2.769992
2.769986
2.769979
2.769973
2.769966
2.769961
2.769956
2.76995
2.769945
2.769941
2.769937
2.769933
2.769929
2.769926
2.769923
2.76992
2.769917
2.769915
2.769913
2.769911
2.769909
2.769908
2.769907
2.769906
2.769906
2.769905
2.769905
2.769905
2.769905
2.769906
2.769907
2.769908
2.769909
2.76991
2.769912
2.769913
2.769915
2.769917
2.76992
2.769922
2.769925
2.769928
2.76993
2.769933
2.769936
2.76994
2.769944
2.769947
2.769951
2.769955
2.769959
2.769963
2.769968
2.769972
2.769977
2.769982
2.769986
2.769992
2.769997
2.770002
2.770007
2.770013
2.770018
2.770024
2.770029
2.770035
2.770041
2.770047
2.770053
2.77006
2.770066
2.770072
2.770079
2.770085
2.770092
2.770099
2.770105
2.770112
2.770119
2.770125
2.770132
2.770139
2.770146
2.770153
2.77016
2.770167
2.770174
2.770181
2.770188
2.770195
2.770202
2.77021
2.770217
2.770224
2.770231
2.770239
2.770246
2.770253
2.770261
2.770268
2.770276
2.770283
2.77029
2.770298
2.770305
2.770312
2.770319
2.770326
2.770334
2.770341
2.770348
2.770355
2.770362
2.770369
2.770376
2.770383
2.77039
2.770396
2.770403
2.77041
2.770417
2.770423
2.77043
2.770437
2.770443
2.77045
2.770456
2.770462
2.770469
2.770475
2.770481
2.770488
2.770494
2.7705
2.770506
2.770512
2.770518
2.770524
2.77053
2.770536
2.770541
2.770547
2.770552
2.770558
2.770563
2.770568
2.770573
2.770578
2.770583
2.770587
2.770592
2.770597
2.770601
2.770605
2.77061
2.770614
2.770618
2.770622
2.770625
2.770629
2.770633
2.770636
2.77064
2.770643
2.770646
2.770649
2.770652
2.770655
2.770658
2.770661
2.770663
2.770666
2.770668
2.77067
2.770673
2.770675
2.770677
2.770678
2.77068
2.770682
2.770684
2.770685
2.770686
2.770687
2.770689
2.770689
2.77069
2.770691
2.770692
2.770692
2.770693
2.770693
2.770694
2.770694
2.770694
2.770694
2.770694