The ability to account for medium layering, internal heating, and phase change due to moisture freezing and thawing is verified against a commercial software GeoStudio. For the verification, the effects of convection (natural and forced) and longwave radiations are neglected. This is the only difference with the presented thermal formulation. Eleven days of measured shortwave radiation serve for the heat flux imposed at the surface. Presented hereafter is the worst case in terms of absolute difference in temperature levels between GeoStudio and the thermal formulation. This case is presented in the form of a table essentially consisting of four columns: the time (in days), the surface temperature calculated with GeoStudio (in degrees Celsius), the surface temperature calculated with the thermal formulation (in degrees Celsius), and for each time step the absolute difference of temperature levels between Geostudio and the thermal formulation. 

Time [days]	Surface temperature with GeoStudio [°C]	Surface temperature with Fortran [°C]	Absolute difference [°C]
0.000	-1.000	-1.000	0.000
0.003	-0.919	-0.905	0.014
0.007	-0.878	-0.869	0.009
0.010	-0.853	-0.845	0.008
0.014	-0.836	-0.828	0.008
0.017	-0.824	-0.816	0.008
0.021	-0.817	-0.808	0.008
0.024	-0.812	-0.803	0.009
0.028	-0.810	-0.800	0.009
0.031	-0.809	-0.800	0.009
0.035	-0.810	-0.801	0.009
0.038	-0.813	-0.805	0.008
0.042	-0.816	-0.809	0.007
0.045	-0.820	-0.814	0.007
0.049	-0.825	-0.817	0.008
0.052	-0.830	-0.820	0.009
0.056	-0.835	-0.824	0.011
0.059	-0.840	-0.828	0.012
0.063	-0.845	-0.832	0.014
0.066	-0.850	-0.836	0.014
0.069	-0.856	-0.841	0.015
0.073	-0.861	-0.846	0.015
0.076	-0.865	-0.851	0.014
0.080	-0.870	-0.856	0.013
0.083	-0.874	-0.862	0.012
0.087	-0.878	-0.867	0.011
0.090	-0.882	-0.871	0.011
0.094	-0.886	-0.875	0.011
0.097	-0.889	-0.878	0.011
0.101	-0.893	-0.881	0.011
0.104	-0.896	-0.884	0.011
0.108	-0.898	-0.887	0.011
0.111	-0.901	-0.890	0.011
0.115	-0.903	-0.892	0.011
0.118	-0.905	-0.895	0.011
0.122	-0.907	-0.897	0.010
0.125	-0.909	-0.900	0.010
0.128	-0.911	-0.902	0.009
0.132	-0.913	-0.904	0.009
0.135	-0.914	-0.906	0.009
0.139	-0.916	-0.907	0.008
0.142	-0.917	-0.909	0.008
0.146	-0.918	-0.910	0.008
0.149	-0.920	-0.912	0.008
0.153	-0.921	-0.913	0.008
0.156	-0.922	-0.914	0.008
0.160	-0.923	-0.916	0.007
0.163	-0.924	-0.917	0.007
0.167	-0.925	-0.918	0.007
0.170	-0.926	-0.919	0.007
0.174	-0.927	-0.920	0.007
0.177	-0.928	-0.921	0.007
0.181	-0.929	-0.922	0.007
0.184	-0.930	-0.923	0.007
0.188	-0.930	-0.924	0.007
0.191	-0.931	-0.925	0.006
0.194	-0.932	-0.926	0.006
0.198	-0.933	-0.926	0.006
0.201	-0.933	-0.927	0.006
0.205	-0.934	-0.928	0.006
0.208	-0.935	-0.929	0.006
0.212	-0.935	-0.929	0.006
0.215	-0.936	-0.930	0.006
0.219	-0.937	-0.931	0.006
0.222	-0.937	-0.931	0.006
0.226	-0.938	-0.931	0.006
0.229	-0.938	-0.932	0.006
0.233	-0.939	-0.932	0.007
0.236	-0.939	-0.933	0.007
0.240	-0.939	-0.933	0.007
0.243	-0.940	-0.933	0.007
0.247	-0.940	-0.933	0.006
0.250	-0.940	-0.934	0.006
0.253	-0.940	-0.933	0.006
0.257	-0.940	-0.933	0.007
0.260	-0.939	-0.932	0.007
0.264	-0.939	-0.932	0.007
0.267	-0.938	-0.931	0.007
0.271	-0.937	-0.930	0.008
0.274	-0.936	-0.928	0.008
0.278	-0.935	-0.927	0.008
0.281	-0.933	-0.925	0.008
0.285	-0.932	-0.924	0.008
0.288	-0.930	-0.922	0.008
0.292	-0.928	-0.921	0.007
0.295	-0.926	-0.918	0.008
0.299	-0.923	-0.915	0.008
0.302	-0.921	-0.911	0.009
0.306	-0.918	-0.907	0.010
0.309	-0.914	-0.903	0.011
0.313	-0.911	-0.899	0.012
0.316	-0.907	-0.894	0.013
0.319	-0.902	-0.889	0.013
0.323	-0.897	-0.883	0.014
0.326	-0.891	-0.878	0.014
0.330	-0.885	-0.872	0.013
0.333	-0.878	-0.866	0.013
0.337	-0.871	-0.858	0.012
0.340	-0.863	-0.850	0.013
0.344	-0.853	-0.840	0.013
0.347	-0.844	-0.830	0.014
0.351	-0.833	-0.819	0.014
0.354	-0.821	-0.807	0.014
0.358	-0.809	-0.795	0.014
0.361	-0.797	-0.782	0.014
0.365	-0.783	-0.769	0.014
0.368	-0.769	-0.755	0.014
0.372	-0.755	-0.741	0.014
0.375	-0.740	-0.726	0.013
0.378	-0.724	-0.711	0.013
0.382	-0.709	-0.696	0.013
0.385	-0.693	-0.680	0.013
0.389	-0.677	-0.664	0.013
0.392	-0.660	-0.647	0.013
0.396	-0.643	-0.630	0.013
0.399	-0.626	-0.612	0.014
0.403	-0.609	-0.595	0.014
0.406	-0.591	-0.577	0.014
0.410	-0.573	-0.558	0.014
0.413	-0.554	-0.539	0.014
0.417	-0.534	-0.520	0.014
0.420	-0.514	-0.499	0.015
0.424	-0.494	-0.476	0.018
0.427	-0.472	-0.451	0.021
0.431	-0.450	-0.425	0.025
0.434	-0.426	-0.398	0.028
0.438	-0.402	-0.370	0.031
0.441	-0.376	-0.341	0.034
0.444	-0.348	-0.312	0.036
0.448	-0.319	-0.281	0.038
0.451	-0.288	-0.250	0.038
0.455	-0.255	-0.218	0.037
0.458	-0.219	-0.185	0.034
0.462	-0.182	-0.147	0.034
0.465	-0.141	-0.104	0.037
0.469	-0.098	-0.058	0.040
0.472	-0.052	-0.009	0.043
0.476	-0.003	0.043	0.046
0.479	0.048	0.097	0.049
0.483	0.103	0.153	0.050
0.486	0.160	0.211	0.051
0.490	0.220	0.271	0.052
0.493	0.282	0.333	0.051
0.497	0.347	0.397	0.050
0.500	0.414	0.462	0.048
0.503	0.484	0.531	0.048
0.507	0.556	0.605	0.050
0.510	0.630	0.683	0.053
0.514	0.706	0.763	0.056
0.517	0.785	0.845	0.060
0.521	0.867	0.930	0.063
0.524	0.951	1.018	0.067
0.528	1.038	1.108	0.069
0.531	1.129	1.200	0.071
0.535	1.222	1.294	0.071
0.538	1.320	1.390	0.070
0.542	1.421	1.487	0.067
0.545	1.526	1.590	0.064
0.549	1.635	1.696	0.061
0.552	1.748	1.805	0.057
0.556	1.865	1.918	0.053
0.559	1.985	2.033	0.048
0.563	2.109	2.151	0.042
0.566	2.235	2.271	0.036
0.569	2.362	2.394	0.031
0.573	2.491	2.519	0.028
0.576	2.620	2.646	0.026
0.580	2.748	2.775	0.027
0.583	2.876	2.906	0.031
0.587	3.001	3.030	0.029
0.590	3.123	3.145	0.022
0.594	3.242	3.255	0.013
0.597	3.357	3.362	0.005
0.601	3.469	3.467	0.002
0.604	3.577	3.569	0.007
0.608	3.681	3.670	0.011
0.611	3.782	3.769	0.013
0.615	3.880	3.867	0.012
0.618	3.975	3.964	0.011
0.622	4.067	4.060	0.007
0.625	4.157	4.154	0.002
0.628	4.245	4.247	0.001
0.632	4.332	4.336	0.004
0.635	4.418	4.423	0.005
0.639	4.503	4.509	0.006
0.642	4.587	4.594	0.006
0.646	4.671	4.677	0.007
0.649	4.753	4.759	0.006
0.653	4.834	4.840	0.006
0.656	4.914	4.920	0.006
0.660	4.993	4.999	0.006
0.663	5.071	5.077	0.006
0.667	5.148	5.155	0.007
0.670	5.222	5.229	0.007
0.674	5.296	5.301	0.005
0.677	5.367	5.370	0.003
0.681	5.437	5.438	0.001
0.684	5.505	5.504	0.000
0.688	5.571	5.569	0.002
0.691	5.635	5.632	0.003
0.694	5.698	5.694	0.003
0.698	5.759	5.755	0.003
0.701	5.818	5.815	0.003
0.705	5.876	5.874	0.002
0.708	5.932	5.932	0.001
0.712	5.987	5.987	0.000
0.715	6.041	6.040	0.001
0.719	6.093	6.091	0.002
0.722	6.144	6.141	0.003
0.726	6.194	6.189	0.005
0.729	6.242	6.236	0.006
0.733	6.288	6.281	0.007
0.736	6.333	6.325	0.008
0.740	6.377	6.368	0.009
0.743	6.418	6.410	0.009
0.747	6.458	6.450	0.008
0.750	6.496	6.489	0.007
0.753	6.532	6.525	0.007
0.757	6.565	6.558	0.008
0.760	6.597	6.588	0.009
0.764	6.626	6.616	0.010
0.767	6.653	6.643	0.011
0.771	6.678	6.667	0.011
0.774	6.702	6.690	0.012
0.778	6.723	6.711	0.012
0.781	6.742	6.731	0.011
0.785	6.759	6.749	0.011
0.788	6.775	6.765	0.010
0.792	6.790	6.780	0.009
0.795	6.803	6.793	0.009
0.799	6.814	6.804	0.011
0.802	6.824	6.812	0.012
0.806	6.833	6.819	0.014
0.809	6.841	6.824	0.016
0.813	6.847	6.828	0.019
0.816	6.851	6.830	0.021
0.819	6.853	6.830	0.023
0.823	6.854	6.830	0.024
0.826	6.852	6.828	0.024
0.830	6.848	6.824	0.024
0.833	6.841	6.819	0.022
0.837	6.832	6.811	0.021
0.840	6.820	6.799	0.021
0.844	6.804	6.783	0.021
0.847	6.786	6.766	0.021
0.851	6.766	6.746	0.020
0.854	6.743	6.724	0.019
0.858	6.717	6.700	0.017
0.861	6.690	6.674	0.016
0.865	6.661	6.646	0.015
0.868	6.630	6.617	0.014
0.872	6.599	6.585	0.014
0.875	6.567	6.552	0.014
0.878	6.535	6.520	0.015
0.882	6.503	6.489	0.014
0.885	6.471	6.458	0.014
0.889	6.440	6.426	0.014
0.892	6.409	6.394	0.015
0.896	6.378	6.362	0.016
0.899	6.347	6.329	0.018
0.903	6.315	6.295	0.020
0.906	6.283	6.261	0.022
0.910	6.249	6.226	0.023
0.913	6.214	6.190	0.024
0.917	6.177	6.154	0.023
0.920	6.138	6.113	0.024
0.924	6.095	6.069	0.026
0.927	6.050	6.022	0.028
0.931	6.002	5.973	0.029
0.934	5.951	5.922	0.029
0.938	5.898	5.869	0.029
0.941	5.842	5.814	0.028
0.944	5.784	5.757	0.027
0.948	5.725	5.699	0.026
0.951	5.663	5.639	0.025
0.955	5.602	5.577	0.025
0.958	5.539	5.514	0.025
0.962	5.477	5.453	0.024
0.965	5.415	5.396	0.020
0.969	5.354	5.339	0.015
0.972	5.294	5.283	0.011
0.976	5.235	5.227	0.008
0.979	5.177	5.172	0.005
0.983	5.120	5.117	0.003
0.986	5.064	5.062	0.002
0.990	5.009	5.006	0.002
0.993	4.954	4.951	0.003
0.997	4.901	4.896	0.005
1.000	4.848	4.840	0.008
1.003	4.795	4.786	0.009
1.007	4.742	4.732	0.010
1.010	4.690	4.680	0.010
1.014	4.638	4.628	0.010
1.017	4.586	4.576	0.009
1.021	4.534	4.525	0.009
1.024	4.482	4.474	0.008
1.028	4.430	4.423	0.008
1.031	4.379	4.372	0.008
1.035	4.329	4.321	0.008
1.038	4.278	4.270	0.008
1.042	4.229	4.219	0.010
1.045	4.180	4.171	0.009
1.049	4.133	4.124	0.008
1.052	4.086	4.079	0.006
1.056	4.040	4.035	0.005
1.059	3.995	3.992	0.003
1.063	3.951	3.949	0.002
1.066	3.908	3.907	0.001
1.069	3.867	3.866	0.001
1.073	3.826	3.826	0.001
1.076	3.786	3.785	0.001
1.080	3.748	3.746	0.002
1.083	3.710	3.706	0.004
1.087	3.673	3.669	0.004
1.090	3.637	3.632	0.005
1.094	3.602	3.597	0.005
1.097	3.568	3.563	0.005
1.101	3.534	3.529	0.005
1.104	3.502	3.497	0.005
1.108	3.470	3.465	0.005
1.111	3.438	3.433	0.005
1.115	3.408	3.402	0.005
1.118	3.378	3.372	0.006
1.122	3.348	3.342	0.006
1.125	3.320	3.313	0.007
1.128	3.291	3.284	0.007
1.132	3.264	3.256	0.007
1.135	3.236	3.229	0.008
1.139	3.210	3.202	0.008
1.142	3.183	3.175	0.008
1.146	3.158	3.149	0.008
1.149	3.132	3.124	0.009
1.153	3.107	3.098	0.009
1.156	3.083	3.074	0.009
1.160	3.059	3.049	0.009
1.163	3.035	3.025	0.009
1.167	3.011	3.002	0.010
1.170	2.988	2.978	0.010
1.174	2.965	2.955	0.010
1.177	2.943	2.933	0.010
1.181	2.921	2.911	0.010
1.184	2.899	2.889	0.011
1.188	2.878	2.867	0.011
1.191	2.856	2.846	0.011
1.194	2.835	2.824	0.011
1.198	2.815	2.804	0.011
1.201	2.794	2.783	0.011
1.205	2.774	2.763	0.011
1.208	2.754	2.743	0.011
1.212	2.735	2.723	0.012
1.215	2.715	2.704	0.011
1.219	2.696	2.685	0.011
1.222	2.677	2.666	0.011
1.226	2.658	2.647	0.011
1.229	2.640	2.629	0.011
1.233	2.621	2.611	0.011
1.236	2.603	2.593	0.010
1.240	2.586	2.575	0.010
1.243	2.568	2.558	0.010
1.247	2.551	2.541	0.011
1.250	2.534	2.524	0.011
1.253	2.518	2.507	0.011
1.257	2.502	2.491	0.011
1.260	2.487	2.476	0.011
1.264	2.472	2.461	0.010
1.267	2.457	2.447	0.010
1.271	2.443	2.433	0.010
1.274	2.429	2.419	0.010
1.278	2.415	2.405	0.010
1.281	2.402	2.392	0.010
1.285	2.390	2.379	0.010
1.288	2.377	2.366	0.011
1.292	2.365	2.354	0.011
1.295	2.353	2.342	0.011
1.299	2.341	2.331	0.010
1.302	2.330	2.321	0.009
1.306	2.319	2.311	0.008
1.309	2.309	2.301	0.007
1.313	2.298	2.292	0.006
1.316	2.289	2.283	0.006
1.319	2.279	2.275	0.005
1.323	2.271	2.266	0.004
1.326	2.263	2.259	0.004
1.330	2.256	2.251	0.005
1.333	2.250	2.244	0.006
1.337	2.244	2.238	0.006
1.340	2.240	2.234	0.005
1.344	2.237	2.232	0.005
1.347	2.234	2.230	0.005
1.351	2.233	2.229	0.005
1.354	2.233	2.228	0.005
1.358	2.233	2.229	0.005
1.361	2.235	2.230	0.005
1.365	2.237	2.232	0.005
1.368	2.240	2.234	0.006
1.372	2.243	2.237	0.006
1.375	2.247	2.241	0.006
1.378	2.251	2.244	0.007
1.382	2.255	2.248	0.007
1.385	2.260	2.252	0.007
1.389	2.264	2.257	0.007
1.392	2.269	2.262	0.007
1.396	2.274	2.267	0.007
1.399	2.279	2.272	0.007
1.403	2.284	2.278	0.006
1.406	2.290	2.284	0.006
1.410	2.296	2.290	0.006
1.413	2.303	2.297	0.006
1.417	2.310	2.304	0.006
1.420	2.319	2.315	0.004
1.424	2.328	2.328	0.000
1.427	2.338	2.344	0.006
1.431	2.349	2.361	0.012
1.434	2.362	2.380	0.017
1.438	2.377	2.400	0.023
1.441	2.394	2.422	0.028
1.444	2.413	2.444	0.031
1.448	2.434	2.468	0.034
1.451	2.459	2.493	0.034
1.455	2.487	2.519	0.032
1.458	2.518	2.546	0.028
1.462	2.554	2.580	0.027
1.465	2.593	2.621	0.028
1.469	2.637	2.667	0.030
1.472	2.685	2.716	0.031
1.476	2.736	2.769	0.032
1.479	2.792	2.825	0.032
1.483	2.852	2.883	0.032
1.486	2.914	2.945	0.031
1.490	2.980	3.009	0.029
1.493	3.048	3.075	0.028
1.497	3.118	3.144	0.026
1.500	3.190	3.215	0.026
1.503	3.263	3.286	0.024
1.507	3.336	3.357	0.021
1.510	3.410	3.428	0.018
1.514	3.484	3.500	0.016
1.517	3.559	3.573	0.014
1.521	3.633	3.646	0.013
1.524	3.708	3.721	0.013
1.528	3.784	3.797	0.013
1.531	3.860	3.874	0.013
1.535	3.937	3.951	0.014
1.538	4.015	4.030	0.015
1.542	4.094	4.110	0.016
1.545	4.175	4.192	0.017
1.549	4.258	4.276	0.018
1.552	4.342	4.362	0.019
1.556	4.429	4.449	0.020
1.559	4.517	4.538	0.021
1.563	4.607	4.628	0.021
1.566	4.699	4.719	0.021
1.569	4.792	4.812	0.020
1.573	4.887	4.906	0.020
1.576	4.983	5.002	0.019
1.580	5.079	5.098	0.019
1.583	5.177	5.196	0.019
1.587	5.275	5.290	0.014
1.590	5.373	5.378	0.005
1.594	5.472	5.464	0.007
1.597	5.569	5.549	0.021
1.601	5.665	5.632	0.034
1.604	5.760	5.713	0.046
1.608	5.852	5.794	0.057
1.611	5.940	5.875	0.066
1.615	6.025	5.954	0.071
1.618	6.105	6.033	0.072
1.622	6.180	6.112	0.068
1.625	6.248	6.190	0.058
1.628	6.309	6.253	0.056
1.632	6.362	6.301	0.060
1.635	6.407	6.341	0.066
1.639	6.444	6.372	0.072
1.642	6.473	6.398	0.076
1.646	6.495	6.417	0.078
1.649	6.510	6.432	0.078
1.653	6.518	6.441	0.077
1.656	6.520	6.446	0.074
1.660	6.518	6.447	0.071
1.663	6.511	6.444	0.067
1.667	6.502	6.437	0.065
1.670	6.490	6.434	0.056
1.674	6.477	6.434	0.043
1.677	6.464	6.436	0.028
1.681	6.451	6.437	0.014
1.684	6.439	6.439	0.000
1.688	6.428	6.441	0.013
1.691	6.419	6.442	0.023
1.694	6.412	6.442	0.030
1.698	6.408	6.442	0.034
1.701	6.407	6.442	0.034
1.705	6.410	6.440	0.030
1.708	6.417	6.438	0.021
1.712	6.428	6.443	0.015
1.715	6.444	6.455	0.012
1.719	6.464	6.472	0.008
1.722	6.488	6.491	0.004
1.726	6.515	6.513	0.002
1.729	6.546	6.538	0.008
1.733	6.578	6.564	0.015
1.736	6.613	6.592	0.021
1.740	6.647	6.622	0.026
1.743	6.682	6.653	0.029
1.747	6.715	6.685	0.029
1.750	6.745	6.719	0.025
1.753	6.771	6.743	0.028
1.757	6.792	6.755	0.038
1.760	6.808	6.761	0.048
1.764	6.819	6.761	0.057
1.767	6.823	6.758	0.065
1.771	6.822	6.751	0.071
1.774	6.816	6.741	0.075
1.778	6.804	6.727	0.077
1.781	6.787	6.711	0.076
1.785	6.766	6.692	0.074
1.788	6.741	6.671	0.070
1.792	6.713	6.647	0.065
1.795	6.682	6.623	0.059
1.799	6.649	6.598	0.052
1.802	6.615	6.571	0.044
1.806	6.580	6.543	0.037
1.809	6.545	6.514	0.030
1.813	6.508	6.484	0.024
1.816	6.472	6.452	0.020
1.819	6.435	6.419	0.016
1.823	6.399	6.385	0.015
1.826	6.363	6.349	0.014
1.830	6.328	6.312	0.016
1.833	6.294	6.274	0.020
1.837	6.260	6.239	0.022
1.840	6.228	6.206	0.022
1.844	6.197	6.175	0.021
1.847	6.166	6.145	0.021
1.851	6.137	6.116	0.021
1.854	6.108	6.086	0.021
1.858	6.080	6.058	0.022
1.861	6.052	6.029	0.023
1.865	6.025	6.001	0.024
1.868	5.997	5.972	0.025
1.872	5.970	5.944	0.026
1.875	5.942	5.916	0.026
1.878	5.913	5.886	0.027
1.882	5.883	5.856	0.027
1.885	5.852	5.825	0.027
1.889	5.820	5.793	0.027
1.892	5.787	5.761	0.026
1.896	5.753	5.728	0.025
1.899	5.719	5.695	0.024
1.903	5.684	5.661	0.023
1.906	5.648	5.627	0.022
1.910	5.613	5.592	0.021
1.913	5.578	5.557	0.021
1.917	5.544	5.521	0.022
1.920	5.510	5.488	0.022
1.924	5.478	5.457	0.021
1.927	5.447	5.427	0.020
1.931	5.417	5.398	0.019
1.934	5.388	5.370	0.019
1.938	5.361	5.342	0.019
1.941	5.334	5.315	0.020
1.944	5.309	5.288	0.021
1.948	5.283	5.262	0.022
1.951	5.258	5.236	0.023
1.955	5.233	5.210	0.024
1.958	5.208	5.184	0.023
1.962	5.182	5.157	0.025
1.965	5.154	5.128	0.027
1.969	5.126	5.097	0.029
1.972	5.096	5.066	0.031
1.976	5.065	5.033	0.032
1.979	5.033	5.000	0.033
1.983	5.000	4.967	0.033
1.986	4.965	4.933	0.033
1.990	4.930	4.898	0.032
1.993	4.894	4.863	0.032
1.997	4.858	4.827	0.031
2.000	4.822	4.791	0.031
2.003	4.785	4.756	0.029
2.007	4.749	4.722	0.027
2.010	4.713	4.689	0.024
2.014	4.677	4.656	0.021
2.017	4.642	4.623	0.019
2.021	4.608	4.590	0.017
2.024	4.574	4.558	0.016
2.028	4.541	4.526	0.015
2.031	4.508	4.494	0.014
2.035	4.476	4.462	0.015
2.038	4.445	4.430	0.015
2.042	4.415	4.398	0.017
2.045	4.385	4.367	0.018
2.049	4.356	4.338	0.018
2.052	4.327	4.310	0.017
2.056	4.300	4.283	0.017
2.059	4.272	4.256	0.017
2.063	4.246	4.229	0.016
2.066	4.219	4.203	0.016
2.069	4.194	4.178	0.016
2.073	4.169	4.153	0.016
2.076	4.144	4.128	0.016
2.080	4.120	4.104	0.017
2.083	4.097	4.080	0.017
2.087	4.074	4.056	0.018
2.090	4.051	4.034	0.018
2.094	4.029	4.011	0.018
2.097	4.007	3.989	0.018
2.101	3.986	3.968	0.018
2.104	3.965	3.947	0.018
2.108	3.944	3.926	0.018
2.111	3.924	3.906	0.018
2.115	3.904	3.885	0.018
2.118	3.884	3.866	0.018
2.122	3.864	3.846	0.018
2.125	3.845	3.827	0.019
2.128	3.826	3.808	0.019
2.132	3.808	3.789	0.019
2.135	3.789	3.771	0.019
2.139	3.771	3.752	0.019
2.142	3.753	3.734	0.019
2.146	3.736	3.717	0.019
2.149	3.718	3.699	0.019
2.153	3.701	3.682	0.019
2.156	3.684	3.665	0.019
2.160	3.667	3.648	0.019
2.163	3.651	3.632	0.019
2.167	3.634	3.615	0.019
2.170	3.618	3.599	0.019
2.174	3.602	3.583	0.019
2.177	3.586	3.567	0.020
2.181	3.571	3.551	0.020
2.184	3.555	3.536	0.020
2.188	3.540	3.520	0.020
2.191	3.525	3.505	0.020
2.194	3.510	3.490	0.020
2.198	3.495	3.475	0.020
2.201	3.480	3.460	0.020
2.205	3.466	3.446	0.020
2.208	3.451	3.431	0.020
2.212	3.437	3.417	0.020
2.215	3.423	3.403	0.020
2.219	3.408	3.389	0.020
2.222	3.394	3.375	0.019
2.226	3.380	3.361	0.019
2.229	3.366	3.348	0.018
2.233	3.353	3.335	0.018
2.236	3.339	3.321	0.018
2.240	3.326	3.308	0.018
2.243	3.313	3.295	0.018
2.247	3.300	3.283	0.018
2.250	3.288	3.270	0.018
2.253	3.276	3.258	0.018
2.257	3.265	3.247	0.017
2.260	3.254	3.237	0.017
2.264	3.243	3.227	0.016
2.267	3.233	3.218	0.015
2.271	3.224	3.209	0.015
2.274	3.215	3.200	0.014
2.278	3.206	3.192	0.014
2.281	3.198	3.184	0.014
2.285	3.191	3.177	0.014
2.288	3.184	3.170	0.014
2.292	3.177	3.163	0.015
2.295	3.172	3.157	0.015
2.299	3.166	3.152	0.014
2.302	3.161	3.148	0.014
2.306	3.157	3.144	0.013
2.309	3.153	3.142	0.012
2.313	3.150	3.139	0.011
2.316	3.148	3.137	0.010
2.319	3.146	3.136	0.010
2.323	3.145	3.135	0.009
2.326	3.144	3.135	0.009
2.330	3.145	3.135	0.010
2.333	3.146	3.135	0.011
2.337	3.148	3.137	0.011
2.340	3.151	3.140	0.011
2.344	3.155	3.144	0.011
2.347	3.160	3.149	0.011
2.351	3.165	3.154	0.011
2.354	3.172	3.161	0.011
2.358	3.179	3.167	0.011
2.361	3.187	3.175	0.012
2.365	3.195	3.183	0.012
2.368	3.204	3.192	0.012
2.372	3.213	3.201	0.012
2.375	3.223	3.211	0.012
2.378	3.233	3.221	0.012
2.382	3.244	3.232	0.011
2.385	3.254	3.244	0.010
2.389	3.265	3.256	0.009
2.392	3.276	3.269	0.007
2.396	3.288	3.282	0.005
2.399	3.300	3.296	0.004
2.403	3.313	3.310	0.002
2.406	3.326	3.325	0.001
2.410	3.341	3.340	0.001
2.413	3.357	3.356	0.001
2.417	3.375	3.372	0.003
2.420	3.394	3.391	0.003
2.424	3.415	3.412	0.003
2.427	3.437	3.435	0.002
2.431	3.462	3.460	0.002
2.434	3.488	3.487	0.002
2.438	3.516	3.514	0.002
2.441	3.546	3.543	0.003
2.444	3.576	3.573	0.004
2.448	3.608	3.604	0.005
2.451	3.641	3.636	0.006
2.455	3.674	3.669	0.006
2.458	3.708	3.702	0.006
2.462	3.742	3.735	0.007
2.465	3.776	3.766	0.009
2.469	3.809	3.797	0.012
2.472	3.842	3.827	0.014
2.476	3.874	3.858	0.016
2.479	3.906	3.888	0.018
2.483	3.937	3.918	0.019
2.486	3.968	3.949	0.020
2.490	3.999	3.979	0.020
2.493	4.029	4.010	0.019
2.497	4.059	4.041	0.018
2.500	4.089	4.071	0.017
2.503	4.118	4.103	0.015
2.507	4.148	4.136	0.012
2.510	4.178	4.170	0.008
2.514	4.208	4.204	0.004
2.517	4.239	4.239	0.000
2.521	4.270	4.274	0.004
2.524	4.303	4.310	0.007
2.528	4.337	4.346	0.010
2.531	4.372	4.383	0.012
2.535	4.408	4.420	0.012
2.538	4.447	4.458	0.011
2.542	4.488	4.496	0.008
2.545	4.531	4.538	0.007
2.549	4.577	4.584	0.007
2.552	4.626	4.632	0.006
2.556	4.677	4.683	0.006
2.559	4.731	4.735	0.004
2.563	4.787	4.789	0.003
2.566	4.845	4.845	0.001
2.569	4.904	4.902	0.002
2.573	4.965	4.961	0.003
2.576	5.026	5.021	0.005
2.580	5.088	5.082	0.005
2.583	5.149	5.145	0.004
2.587	5.210	5.207	0.002
2.590	5.270	5.269	0.000
2.594	5.328	5.332	0.003
2.597	5.386	5.394	0.008
2.601	5.444	5.457	0.014
2.604	5.501	5.521	0.020
2.608	5.559	5.585	0.026
2.611	5.618	5.650	0.032
2.615	5.679	5.715	0.036
2.618	5.743	5.781	0.038
2.622	5.810	5.847	0.037
2.625	5.882	5.914	0.033
2.628	5.959	5.987	0.028
2.632	6.042	6.065	0.023
2.635	6.132	6.147	0.015
2.639	6.227	6.232	0.005
2.642	6.327	6.320	0.007
2.646	6.430	6.411	0.020
2.649	6.536	6.503	0.033
2.653	6.643	6.598	0.045
2.656	6.750	6.695	0.054
2.660	6.853	6.794	0.059
2.663	6.953	6.895	0.058
2.667	7.046	6.998	0.048
2.670	7.130	7.080	0.050
2.674	7.204	7.140	0.064
2.677	7.267	7.188	0.079
2.681	7.318	7.225	0.093
2.684	7.357	7.254	0.103
2.688	7.386	7.276	0.110
2.691	7.404	7.291	0.113
2.694	7.413	7.300	0.112
2.698	7.413	7.304	0.109
2.701	7.406	7.303	0.103
2.705	7.394	7.297	0.097
2.708	7.377	7.286	0.091
2.712	7.358	7.278	0.081
2.715	7.339	7.272	0.067
2.719	7.319	7.266	0.054
2.722	7.300	7.259	0.041
2.726	7.283	7.252	0.031
2.729	7.266	7.243	0.023
2.733	7.251	7.234	0.017
2.736	7.237	7.223	0.014
2.740	7.225	7.211	0.014
2.743	7.213	7.198	0.015
2.747	7.203	7.184	0.019
2.750	7.192	7.169	0.023
2.753	7.181	7.154	0.027
2.757	7.170	7.139	0.030
2.760	7.157	7.125	0.032
2.764	7.144	7.111	0.033
2.767	7.130	7.096	0.034
2.771	7.115	7.081	0.034
2.774	7.099	7.065	0.034
2.778	7.082	7.048	0.034
2.781	7.065	7.031	0.033
2.785	7.047	7.014	0.033
2.788	7.029	6.996	0.033
2.792	7.011	6.977	0.034
2.795	6.993	6.962	0.031
2.799	6.976	6.952	0.024
2.802	6.959	6.944	0.015
2.806	6.943	6.938	0.005
2.809	6.929	6.933	0.004
2.813	6.917	6.930	0.013
2.816	6.906	6.928	0.021
2.819	6.899	6.926	0.027
2.823	6.895	6.926	0.030
2.826	6.895	6.926	0.031
2.830	6.898	6.927	0.028
2.833	6.907	6.928	0.021
2.837	6.921	6.937	0.016
2.840	6.941	6.954	0.013
2.844	6.966	6.975	0.010
2.847	6.996	7.001	0.005
2.851	7.031	7.030	0.001
2.854	7.070	7.062	0.008
2.858	7.113	7.098	0.015
2.861	7.157	7.135	0.022
2.865	7.203	7.176	0.028
2.868	7.249	7.218	0.031
2.872	7.294	7.263	0.031
2.875	7.337	7.310	0.027
2.878	7.376	7.344	0.032
2.882	7.409	7.365	0.044
2.885	7.437	7.378	0.059
2.889	7.459	7.386	0.074
2.892	7.475	7.389	0.086
2.896	7.484	7.388	0.096
2.899	7.487	7.383	0.104
2.903	7.483	7.375	0.108
2.906	7.473	7.364	0.109
2.910	7.457	7.350	0.106
2.913	7.435	7.334	0.101
2.917	7.408	7.315	0.093
2.920	7.377	7.291	0.086
2.924	7.342	7.262	0.080
2.927	7.303	7.228	0.074
2.931	7.260	7.191	0.069
2.934	7.215	7.151	0.064
2.938	7.167	7.108	0.059
2.941	7.116	7.061	0.055
2.944	7.064	7.013	0.051
2.948	7.010	6.961	0.049
2.951	6.955	6.907	0.048
2.955	6.899	6.851	0.049
2.958	6.843	6.792	0.051
2.962	6.787	6.737	0.050
2.965	6.731	6.685	0.046
2.969	6.676	6.634	0.042
2.972	6.621	6.584	0.037
2.976	6.567	6.535	0.032
2.979	6.514	6.486	0.029
2.983	6.462	6.437	0.026
2.986	6.411	6.387	0.024
2.990	6.361	6.338	0.024
2.993	6.313	6.288	0.024
2.997	6.265	6.238	0.026
3.000	6.218	6.188	0.029
3.003	6.171	6.140	0.031
3.007	6.126	6.095	0.031
3.010	6.082	6.051	0.030
3.014	6.038	6.009	0.029
3.017	5.995	5.967	0.028
3.021	5.952	5.925	0.027
3.024	5.911	5.885	0.026
3.028	5.870	5.844	0.026
3.031	5.830	5.804	0.026
3.035	5.791	5.765	0.026
3.038	5.753	5.726	0.027
3.042	5.715	5.687	0.028
3.045	5.678	5.650	0.029
3.049	5.643	5.614	0.029
3.052	5.607	5.580	0.028
3.056	5.573	5.546	0.027
3.059	5.540	5.513	0.027
3.063	5.507	5.481	0.026
3.066	5.475	5.449	0.026
3.069	5.444	5.419	0.025
3.073	5.413	5.388	0.025
3.076	5.384	5.358	0.026
3.080	5.355	5.329	0.026
3.083	5.327	5.299	0.027
3.087	5.299	5.271	0.028
3.090	5.272	5.244	0.028
3.094	5.245	5.218	0.028
3.097	5.220	5.192	0.028
3.101	5.194	5.167	0.028
3.104	5.169	5.142	0.028
3.108	5.145	5.117	0.028
3.111	5.121	5.094	0.028
3.115	5.098	5.070	0.028
3.118	5.075	5.047	0.028
3.122	5.053	5.024	0.028
3.125	5.031	5.002	0.029
3.128	5.009	4.980	0.029
3.132	4.988	4.959	0.029
3.135	4.967	4.938	0.029
3.139	4.946	4.917	0.029
3.142	4.926	4.896	0.029
3.146	4.906	4.876	0.029
3.149	4.886	4.856	0.029
3.153	4.866	4.837	0.030
3.156	4.847	4.818	0.030
3.160	4.828	4.799	0.030
3.163	4.810	4.780	0.030
3.167	4.791	4.761	0.030
3.170	4.773	4.743	0.030
3.174	4.755	4.725	0.030
3.177	4.737	4.707	0.030
3.181	4.719	4.690	0.030
3.184	4.702	4.672	0.030
3.188	4.685	4.655	0.030
3.191	4.668	4.638	0.030
3.194	4.651	4.621	0.030
3.198	4.634	4.605	0.030
3.201	4.618	4.588	0.030
3.205	4.602	4.572	0.030
3.208	4.586	4.556	0.030
3.212	4.570	4.540	0.030
3.215	4.555	4.525	0.030
3.219	4.539	4.509	0.030
3.222	4.524	4.494	0.030
3.226	4.509	4.479	0.030
3.229	4.494	4.464	0.030
3.233	4.479	4.449	0.030
3.236	4.465	4.435	0.030
3.240	4.451	4.421	0.030
3.243	4.437	4.406	0.030
3.247	4.423	4.392	0.030
3.250	4.409	4.379	0.030
3.253	4.395	4.365	0.030
3.257	4.381	4.352	0.029
3.260	4.368	4.339	0.029
3.264	4.355	4.327	0.028
3.267	4.342	4.315	0.027
3.271	4.329	4.303	0.026
3.274	4.317	4.291	0.025
3.278	4.305	4.280	0.025
3.281	4.293	4.269	0.024
3.285	4.282	4.258	0.024
3.288	4.272	4.247	0.025
3.292	4.262	4.236	0.025
3.295	4.252	4.227	0.025
3.299	4.244	4.219	0.025
3.302	4.236	4.212	0.024
3.306	4.229	4.205	0.024
3.309	4.223	4.199	0.024
3.313	4.217	4.194	0.023
3.316	4.212	4.189	0.023
3.319	4.208	4.184	0.023
3.323	4.204	4.181	0.024
3.326	4.201	4.177	0.024
3.330	4.198	4.174	0.024
3.333	4.196	4.172	0.024
3.337	4.194	4.170	0.024
3.340	4.192	4.168	0.024
3.344	4.191	4.167	0.024
3.347	4.190	4.166	0.023
3.351	4.189	4.166	0.023
3.354	4.188	4.166	0.022
3.358	4.188	4.167	0.021
3.361	4.188	4.168	0.021
3.365	4.189	4.169	0.020
3.368	4.191	4.171	0.020
3.372	4.193	4.173	0.020
3.375	4.196	4.175	0.021
3.378	4.200	4.179	0.020
3.382	4.205	4.186	0.019
3.385	4.211	4.193	0.017
3.389	4.218	4.202	0.016
3.392	4.226	4.212	0.014
3.396	4.235	4.223	0.013
3.399	4.246	4.234	0.011
3.403	4.258	4.247	0.011
3.406	4.270	4.260	0.010
3.410	4.285	4.274	0.011
3.413	4.300	4.289	0.011
3.417	4.317	4.304	0.012
3.420	4.334	4.320	0.014
3.424	4.353	4.336	0.017
3.427	4.373	4.353	0.020
3.431	4.394	4.370	0.023
3.434	4.415	4.388	0.027
3.438	4.437	4.407	0.030
3.441	4.459	4.425	0.034
3.444	4.481	4.445	0.036
3.448	4.502	4.464	0.038
3.451	4.523	4.485	0.039
3.455	4.543	4.506	0.038
3.458	4.562	4.527	0.035
3.462	4.579	4.545	0.034
3.465	4.594	4.561	0.033
3.469	4.608	4.576	0.032
3.472	4.619	4.589	0.030
3.476	4.629	4.601	0.028
3.479	4.638	4.613	0.025
3.483	4.646	4.624	0.022
3.486	4.653	4.634	0.019
3.490	4.660	4.644	0.016
3.493	4.668	4.654	0.014
3.497	4.677	4.662	0.014
3.500	4.687	4.671	0.016
3.503	4.700	4.685	0.016
3.507	4.716	4.703	0.013
3.510	4.735	4.725	0.010
3.514	4.757	4.749	0.008
3.517	4.782	4.776	0.006
3.521	4.810	4.804	0.006
3.524	4.840	4.833	0.007
3.528	4.873	4.865	0.008
3.531	4.907	4.897	0.010
3.535	4.943	4.931	0.011
3.538	4.979	4.967	0.013
3.542	5.016	5.003	0.013
3.545	5.052	5.036	0.016
3.549	5.088	5.066	0.021
3.552	5.122	5.094	0.027
3.556	5.155	5.121	0.033
3.559	5.186	5.148	0.038
3.563	5.215	5.173	0.042
3.566	5.243	5.198	0.045
3.569	5.269	5.222	0.047
3.573	5.293	5.246	0.047
3.576	5.316	5.269	0.047
3.580	5.337	5.292	0.045
3.583	5.357	5.315	0.042
3.587	5.376	5.337	0.039
3.590	5.394	5.356	0.037
3.594	5.411	5.376	0.035
3.597	5.427	5.394	0.033
3.601	5.442	5.411	0.031
3.604	5.458	5.428	0.029
3.608	5.473	5.445	0.028
3.611	5.487	5.461	0.027
3.615	5.502	5.476	0.026
3.618	5.516	5.491	0.025
3.622	5.531	5.506	0.026
3.625	5.546	5.520	0.027
3.628	5.562	5.536	0.026
3.632	5.578	5.555	0.023
3.635	5.595	5.574	0.020
3.639	5.612	5.595	0.017
3.642	5.631	5.617	0.014
3.646	5.650	5.639	0.012
3.649	5.671	5.662	0.009
3.653	5.693	5.685	0.008
3.656	5.716	5.709	0.007
3.660	5.740	5.733	0.007
3.663	5.766	5.758	0.008
3.667	5.794	5.783	0.010
3.670	5.822	5.810	0.012
3.674	5.853	5.839	0.014
3.677	5.885	5.868	0.017
3.681	5.919	5.899	0.019
3.684	5.953	5.931	0.022
3.688	5.989	5.963	0.026
3.691	6.025	5.996	0.029
3.694	6.062	6.030	0.031
3.698	6.098	6.065	0.033
3.701	6.135	6.100	0.034
3.705	6.170	6.136	0.034
3.708	6.205	6.173	0.032
3.712	6.238	6.204	0.033
3.715	6.269	6.230	0.038
3.719	6.297	6.253	0.044
3.722	6.324	6.274	0.050
3.726	6.348	6.292	0.056
3.729	6.369	6.309	0.060
3.733	6.388	6.324	0.064
3.736	6.404	6.338	0.066
3.740	6.417	6.350	0.067
3.743	6.427	6.361	0.066
3.747	6.435	6.371	0.064
3.750	6.441	6.380	0.060
3.753	6.444	6.387	0.057
3.757	6.444	6.390	0.055
3.760	6.443	6.391	0.052
3.764	6.439	6.390	0.049
3.767	6.434	6.387	0.046
3.771	6.427	6.383	0.044
3.774	6.418	6.378	0.041
3.778	6.409	6.371	0.038
3.781	6.399	6.362	0.037
3.785	6.389	6.353	0.036
3.788	6.378	6.342	0.036
3.792	6.368	6.330	0.038
3.795	6.358	6.322	0.036
3.799	6.350	6.318	0.032
3.802	6.343	6.316	0.027
3.806	6.337	6.316	0.021
3.809	6.333	6.317	0.016
3.813	6.331	6.319	0.012
3.816	6.330	6.321	0.009
3.819	6.331	6.325	0.007
3.823	6.334	6.329	0.006
3.826	6.339	6.333	0.006
3.830	6.347	6.338	0.008
3.833	6.356	6.344	0.012
3.837	6.366	6.351	0.016
3.840	6.379	6.358	0.021
3.844	6.394	6.367	0.026
3.847	6.409	6.377	0.033
3.851	6.426	6.387	0.039
3.854	6.443	6.398	0.045
3.858	6.461	6.409	0.051
3.861	6.478	6.421	0.056
3.865	6.494	6.434	0.060
3.868	6.508	6.447	0.062
3.872	6.520	6.460	0.060
3.875	6.530	6.474	0.056
3.878	6.535	6.479	0.056
3.882	6.537	6.476	0.061
3.885	6.534	6.468	0.066
3.889	6.527	6.456	0.071
3.892	6.516	6.441	0.075
3.896	6.500	6.423	0.077
3.899	6.480	6.402	0.079
3.903	6.457	6.378	0.079
3.906	6.430	6.353	0.078
3.910	6.400	6.325	0.076
3.913	6.368	6.295	0.073
3.917	6.334	6.263	0.071
3.920	6.298	6.231	0.067
3.924	6.262	6.200	0.062
3.927	6.225	6.169	0.056
3.931	6.188	6.137	0.051
3.934	6.150	6.104	0.046
3.938	6.113	6.071	0.042
3.941	6.077	6.038	0.039
3.944	6.040	6.003	0.037
3.948	6.004	5.968	0.036
3.951	5.968	5.932	0.036
3.955	5.933	5.895	0.038
3.958	5.898	5.858	0.041
3.962	5.864	5.822	0.042
3.965	5.830	5.789	0.042
3.969	5.797	5.756	0.041
3.972	5.764	5.724	0.040
3.976	5.732	5.693	0.039
3.979	5.700	5.661	0.038
3.983	5.668	5.630	0.038
3.986	5.637	5.599	0.037
3.990	5.606	5.569	0.037
3.993	5.576	5.538	0.038
3.997	5.546	5.508	0.038
4.000	5.517	5.477	0.040
4.003	5.488	5.448	0.040
4.007	5.459	5.419	0.040
4.010	5.431	5.391	0.039
4.014	5.403	5.364	0.039
4.017	5.375	5.337	0.038
4.021	5.348	5.310	0.038
4.024	5.322	5.284	0.037
4.028	5.295	5.258	0.037
4.031	5.270	5.232	0.037
4.035	5.244	5.207	0.037
4.038	5.219	5.181	0.038
4.042	5.195	5.156	0.039
4.045	5.170	5.132	0.039
4.049	5.147	5.108	0.039
4.052	5.123	5.085	0.038
4.056	5.101	5.063	0.038
4.059	5.078	5.041	0.038
4.063	5.056	5.019	0.037
4.066	5.035	4.998	0.037
4.069	5.014	4.977	0.037
4.073	4.993	4.956	0.037
4.076	4.973	4.936	0.037
4.080	4.953	4.916	0.037
4.083	4.934	4.896	0.038
4.087	4.915	4.876	0.038
4.090	4.896	4.858	0.038
4.094	4.877	4.839	0.038
4.097	4.859	4.821	0.038
4.101	4.842	4.804	0.038
4.104	4.824	4.786	0.038
4.108	4.807	4.769	0.038
4.111	4.791	4.752	0.038
4.115	4.774	4.736	0.038
4.118	4.758	4.719	0.039
4.122	4.742	4.703	0.039
4.125	4.726	4.687	0.039
4.128	4.711	4.672	0.039
4.132	4.696	4.656	0.039
4.135	4.681	4.641	0.039
4.139	4.666	4.626	0.039
4.142	4.651	4.612	0.039
4.146	4.637	4.597	0.039
4.149	4.622	4.583	0.040
4.153	4.608	4.569	0.040
4.156	4.594	4.555	0.040
4.160	4.581	4.541	0.040
4.163	4.567	4.527	0.040
4.167	4.554	4.514	0.040
4.170	4.541	4.501	0.040
4.174	4.527	4.487	0.040
4.177	4.514	4.474	0.040
4.181	4.502	4.462	0.040
4.184	4.489	4.449	0.040
4.188	4.476	4.436	0.040
4.191	4.464	4.424	0.040
4.194	4.452	4.411	0.040
4.198	4.439	4.399	0.040
4.201	4.427	4.387	0.040
4.205	4.415	4.375	0.040
4.208	4.404	4.363	0.040
4.212	4.392	4.351	0.040
4.215	4.380	4.340	0.040
4.219	4.369	4.328	0.040
4.222	4.357	4.317	0.040
4.226	4.346	4.305	0.040
4.229	4.335	4.294	0.040
4.233	4.323	4.283	0.040
4.236	4.312	4.272	0.040
4.240	4.301	4.261	0.040
4.243	4.291	4.250	0.040
4.247	4.280	4.239	0.040
4.250	4.269	4.229	0.041
4.253	4.259	4.218	0.040
4.257	4.248	4.209	0.040
4.260	4.238	4.199	0.039
4.264	4.228	4.190	0.038
4.267	4.218	4.182	0.037
4.271	4.209	4.173	0.036
4.274	4.200	4.165	0.035
4.278	4.191	4.157	0.034
4.281	4.182	4.149	0.034
4.285	4.175	4.141	0.034
4.288	4.167	4.133	0.034
4.292	4.161	4.126	0.035
4.295	4.155	4.120	0.035
4.299	4.150	4.115	0.035
4.302	4.146	4.112	0.034
4.306	4.142	4.109	0.033
4.309	4.139	4.107	0.033
4.313	4.138	4.105	0.032
4.316	4.136	4.104	0.032
4.319	4.136	4.104	0.032
4.323	4.136	4.104	0.032
4.326	4.137	4.104	0.033
4.330	4.138	4.105	0.033
4.333	4.140	4.107	0.033
4.337	4.143	4.109	0.034
4.340	4.145	4.112	0.034
4.344	4.148	4.115	0.033
4.347	4.152	4.119	0.033
4.351	4.155	4.123	0.032
4.354	4.159	4.127	0.032
4.358	4.164	4.132	0.031
4.361	4.169	4.138	0.031
4.365	4.174	4.144	0.030
4.368	4.180	4.150	0.030
4.372	4.187	4.157	0.030
4.375	4.195	4.164	0.031
4.378	4.203	4.172	0.031
4.382	4.212	4.182	0.030
4.385	4.222	4.193	0.029
4.389	4.233	4.205	0.029
4.392	4.246	4.218	0.028
4.396	4.259	4.231	0.027
4.399	4.272	4.245	0.027
4.403	4.287	4.260	0.027
4.406	4.303	4.276	0.027
4.410	4.319	4.292	0.027
4.413	4.336	4.309	0.028
4.417	4.354	4.326	0.028
4.420	4.373	4.345	0.028
4.424	4.392	4.365	0.026
4.427	4.411	4.387	0.025
4.431	4.431	4.409	0.023
4.434	4.453	4.432	0.020
4.438	4.474	4.456	0.018
4.441	4.497	4.481	0.016
4.444	4.521	4.507	0.014
4.448	4.547	4.533	0.013
4.451	4.574	4.561	0.013
4.455	4.602	4.588	0.014
4.458	4.632	4.617	0.015
4.462	4.665	4.648	0.016
4.465	4.699	4.682	0.017
4.469	4.736	4.719	0.017
4.472	4.775	4.756	0.018
4.476	4.815	4.796	0.020
4.479	4.858	4.836	0.021
4.483	4.902	4.878	0.023
4.486	4.947	4.922	0.025
4.490	4.993	4.966	0.027
4.493	5.040	5.012	0.028
4.497	5.087	5.059	0.028
4.500	5.133	5.107	0.027
4.503	5.180	5.155	0.024
4.507	5.225	5.204	0.021
4.510	5.270	5.253	0.016
4.514	5.314	5.303	0.011
4.517	5.357	5.353	0.004
4.521	5.402	5.405	0.003
4.524	5.447	5.456	0.010
4.528	5.493	5.509	0.016
4.531	5.542	5.562	0.020
4.535	5.594	5.616	0.022
4.538	5.649	5.671	0.021
4.542	5.710	5.726	0.016
4.545	5.776	5.792	0.015
4.549	5.849	5.868	0.019
4.552	5.929	5.952	0.023
4.556	6.015	6.041	0.026
4.559	6.108	6.135	0.027
4.563	6.207	6.234	0.027
4.566	6.312	6.337	0.025
4.569	6.421	6.443	0.022
4.573	6.535	6.554	0.019
4.576	6.652	6.668	0.016
4.580	6.771	6.785	0.014
4.583	6.891	6.905	0.014
4.587	7.012	7.020	0.008
4.590	7.131	7.128	0.003
4.594	7.249	7.234	0.015
4.597	7.365	7.339	0.026
4.601	7.478	7.442	0.036
4.604	7.589	7.544	0.045
4.608	7.697	7.646	0.051
4.611	7.803	7.748	0.055
4.615	7.905	7.849	0.056
4.618	8.005	7.951	0.055
4.622	8.103	8.052	0.051
4.625	8.198	8.153	0.045
4.628	8.291	8.250	0.041
4.632	8.382	8.341	0.040
4.635	8.471	8.430	0.041
4.639	8.558	8.516	0.042
4.642	8.643	8.600	0.043
4.646	8.727	8.683	0.044
4.649	8.809	8.764	0.045
4.653	8.890	8.844	0.046
4.656	8.968	8.923	0.046
4.660	9.045	9.000	0.045
4.663	9.121	9.077	0.044
4.667	9.194	9.152	0.042
4.670	9.266	9.225	0.041
4.674	9.337	9.295	0.042
4.677	9.405	9.362	0.043
4.681	9.472	9.428	0.044
4.684	9.538	9.492	0.046
4.688	9.602	9.555	0.047
4.691	9.664	9.616	0.047
4.694	9.724	9.676	0.048
4.698	9.783	9.735	0.048
4.701	9.841	9.793	0.048
4.705	9.896	9.850	0.047
4.708	9.951	9.905	0.046
4.712	10.004	9.959	0.045
4.715	10.055	10.009	0.046
4.719	10.105	10.058	0.047
4.722	10.154	10.106	0.049
4.726	10.201	10.151	0.050
4.729	10.247	10.196	0.051
4.733	10.291	10.239	0.052
4.736	10.334	10.281	0.053
4.740	10.375	10.321	0.054
4.743	10.415	10.361	0.054
4.747	10.452	10.399	0.053
4.750	10.488	10.437	0.052
4.753	10.523	10.471	0.052
4.757	10.555	10.503	0.053
4.760	10.586	10.532	0.054
4.764	10.615	10.559	0.056
4.767	10.642	10.585	0.058
4.771	10.668	10.609	0.059
4.774	10.691	10.631	0.060
4.778	10.713	10.652	0.061
4.781	10.732	10.671	0.061
4.785	10.750	10.689	0.061
4.788	10.766	10.706	0.060
4.792	10.780	10.721	0.059
4.795	10.793	10.734	0.059
4.799	10.803	10.745	0.059
4.802	10.812	10.753	0.059
4.806	10.820	10.759	0.060
4.809	10.825	10.764	0.061
4.813	10.829	10.767	0.061
4.816	10.831	10.769	0.062
4.819	10.831	10.769	0.062
4.823	10.830	10.768	0.062
4.826	10.827	10.765	0.062
4.830	10.823	10.761	0.062
4.833	10.817	10.756	0.061
4.837	10.810	10.749	0.061
4.840	10.801	10.740	0.061
4.844	10.791	10.730	0.061
4.847	10.779	10.718	0.061
4.851	10.766	10.705	0.062
4.854	10.752	10.690	0.062
4.858	10.736	10.674	0.062
4.861	10.719	10.657	0.063
4.865	10.701	10.638	0.063
4.868	10.681	10.619	0.063
4.872	10.660	10.598	0.063
4.875	10.638	10.576	0.062
4.878	10.614	10.552	0.063
4.882	10.589	10.525	0.064
4.885	10.563	10.497	0.066
4.889	10.536	10.468	0.068
4.892	10.507	10.437	0.070
4.896	10.476	10.404	0.072
4.899	10.444	10.371	0.073
4.903	10.410	10.336	0.074
4.906	10.374	10.299	0.075
4.910	10.337	10.261	0.076
4.913	10.298	10.223	0.075
4.917	10.256	10.182	0.074
4.920	10.212	10.140	0.073
4.924	10.167	10.094	0.073
4.927	10.118	10.046	0.072
4.931	10.068	9.997	0.071
4.934	10.016	9.945	0.071
4.938	9.961	9.892	0.069
4.941	9.905	9.837	0.068
4.944	9.848	9.781	0.067
4.948	9.789	9.723	0.066
4.951	9.729	9.664	0.065
4.955	9.669	9.603	0.065
4.958	9.607	9.541	0.066
4.962	9.546	9.481	0.065
4.965	9.484	9.422	0.062
4.969	9.423	9.365	0.058
4.972	9.362	9.307	0.055
4.976	9.302	9.250	0.052
4.979	9.242	9.193	0.049
4.983	9.182	9.135	0.047
4.986	9.123	9.078	0.046
4.990	9.065	9.020	0.045
4.993	9.007	8.961	0.046
4.997	8.950	8.903	0.047
5.000	8.893	8.844	0.049
5.003	8.837	8.787	0.050
5.007	8.782	8.733	0.049
5.010	8.727	8.679	0.048
5.014	8.673	8.626	0.046
5.017	8.619	8.574	0.045
5.021	8.566	8.522	0.043
5.024	8.513	8.471	0.042
5.028	8.461	8.420	0.041
5.031	8.410	8.369	0.041
5.035	8.360	8.319	0.041
5.038	8.310	8.269	0.042
5.042	8.262	8.218	0.044
5.045	8.215	8.171	0.044
5.049	8.168	8.125	0.043
5.052	8.123	8.081	0.042
5.056	8.078	8.038	0.040
5.059	8.035	7.996	0.039
5.063	7.993	7.955	0.038
5.066	7.952	7.915	0.037
5.069	7.912	7.875	0.037
5.073	7.873	7.836	0.037
5.076	7.835	7.798	0.037
5.080	7.798	7.760	0.038
5.083	7.762	7.723	0.039
5.087	7.726	7.687	0.040
5.090	7.692	7.652	0.040
5.094	7.658	7.618	0.040
5.097	7.625	7.585	0.040
5.101	7.593	7.553	0.040
5.104	7.562	7.521	0.040
5.108	7.531	7.490	0.040
5.111	7.500	7.460	0.040
5.115	7.471	7.430	0.040
5.118	7.442	7.401	0.041
5.122	7.413	7.372	0.041
5.125	7.385	7.344	0.041
5.128	7.357	7.316	0.041
5.132	7.330	7.289	0.041
5.135	7.303	7.262	0.041
5.139	7.277	7.236	0.042
5.142	7.251	7.210	0.042
5.146	7.226	7.184	0.042
5.149	7.201	7.159	0.042
5.153	7.176	7.134	0.042
5.156	7.151	7.110	0.042
5.160	7.127	7.085	0.042
5.163	7.103	7.062	0.042
5.167	7.080	7.038	0.042
5.170	7.057	7.015	0.042
5.174	7.034	6.992	0.042
5.177	7.011	6.969	0.042
5.181	6.989	6.947	0.042
5.184	6.967	6.925	0.042
5.188	6.945	6.903	0.042
5.191	6.924	6.882	0.042
5.194	6.903	6.861	0.042
5.198	6.882	6.840	0.042
5.201	6.861	6.819	0.042
5.205	6.840	6.798	0.042
5.208	6.820	6.778	0.042
5.212	6.800	6.758	0.042
5.215	6.780	6.738	0.042
5.219	6.760	6.719	0.042
5.222	6.741	6.699	0.042
5.226	6.721	6.680	0.042
5.229	6.702	6.661	0.041
5.233	6.683	6.642	0.041
5.236	6.665	6.623	0.041
5.240	6.646	6.605	0.041
5.243	6.628	6.587	0.041
5.247	6.610	6.569	0.041
5.250	6.592	6.551	0.041
5.253	6.574	6.533	0.041
5.257	6.557	6.517	0.040
5.260	6.540	6.500	0.040
5.264	6.523	6.484	0.039
5.267	6.507	6.468	0.039
5.271	6.491	6.453	0.038
5.274	6.475	6.437	0.038
5.278	6.460	6.422	0.037
5.281	6.445	6.408	0.037
5.285	6.430	6.393	0.037
5.288	6.416	6.379	0.037
5.292	6.402	6.365	0.037
5.295	6.389	6.352	0.037
5.299	6.376	6.340	0.037
5.302	6.364	6.328	0.036
5.306	6.353	6.318	0.035
5.309	6.342	6.307	0.035
5.313	6.332	6.298	0.034
5.316	6.322	6.288	0.033
5.319	6.313	6.279	0.033
5.323	6.304	6.271	0.033
5.326	6.296	6.263	0.033
5.330	6.289	6.255	0.033
5.333	6.282	6.248	0.034
5.337	6.276	6.242	0.034
5.340	6.270	6.237	0.033
5.344	6.265	6.232	0.033
5.347	6.261	6.229	0.032
5.351	6.257	6.226	0.031
5.354	6.254	6.223	0.031
5.358	6.252	6.221	0.030
5.361	6.250	6.220	0.030
5.365	6.249	6.219	0.030
5.368	6.248	6.219	0.030
5.372	6.249	6.219	0.030
5.375	6.250	6.219	0.031
5.378	6.252	6.221	0.031
5.382	6.254	6.223	0.031
5.385	6.257	6.227	0.031
5.389	6.261	6.231	0.030
5.392	6.265	6.235	0.030
5.396	6.271	6.240	0.030
5.399	6.276	6.246	0.030
5.403	6.283	6.252	0.030
5.406	6.290	6.259	0.030
5.410	6.297	6.267	0.030
5.413	6.305	6.275	0.031
5.417	6.313	6.283	0.031
5.420	6.322	6.292	0.030
5.424	6.331	6.303	0.029
5.427	6.341	6.314	0.027
5.431	6.351	6.326	0.025
5.434	6.362	6.338	0.023
5.438	6.373	6.352	0.022
5.441	6.385	6.366	0.020
5.444	6.398	6.380	0.018
5.448	6.412	6.395	0.017
5.451	6.428	6.411	0.017
5.455	6.444	6.427	0.017
5.458	6.462	6.443	0.019
5.462	6.482	6.463	0.019
5.465	6.503	6.486	0.018
5.469	6.527	6.511	0.016
5.472	6.552	6.537	0.015
5.476	6.579	6.566	0.014
5.479	6.608	6.595	0.013
5.483	6.639	6.626	0.013
5.486	6.671	6.658	0.013
5.490	6.705	6.692	0.013
5.493	6.740	6.727	0.014
5.497	6.777	6.762	0.014
5.500	6.814	6.799	0.015
5.503	6.853	6.836	0.016
5.507	6.891	6.873	0.018
5.510	6.931	6.911	0.020
5.514	6.971	6.948	0.023
5.517	7.011	6.987	0.025
5.521	7.052	7.025	0.026
5.524	7.093	7.065	0.028
5.528	7.133	7.105	0.029
5.531	7.174	7.145	0.029
5.535	7.215	7.187	0.029
5.538	7.256	7.228	0.028
5.542	7.297	7.271	0.027
5.545	7.338	7.312	0.027
5.549	7.379	7.352	0.027
5.552	7.420	7.391	0.028
5.556	7.460	7.430	0.029
5.559	7.500	7.469	0.031
5.563	7.540	7.508	0.031
5.566	7.579	7.547	0.032
5.569	7.619	7.586	0.033
5.573	7.658	7.625	0.033
5.576	7.696	7.664	0.033
5.580	7.735	7.703	0.032
5.583	7.773	7.742	0.031
5.587	7.811	7.785	0.026
5.590	7.848	7.832	0.017
5.594	7.886	7.881	0.005
5.597	7.924	7.932	0.008
5.601	7.964	7.985	0.021
5.604	8.006	8.040	0.034
5.608	8.050	8.096	0.046
5.611	8.098	8.153	0.055
5.615	8.150	8.212	0.061
5.618	8.208	8.271	0.063
5.622	8.272	8.332	0.060
5.625	8.344	8.395	0.051
5.628	8.425	8.469	0.044
5.632	8.515	8.556	0.041
5.635	8.614	8.650	0.036
5.639	8.722	8.752	0.029
5.642	8.838	8.859	0.020
5.646	8.961	8.971	0.009
5.649	9.090	9.088	0.002
5.653	9.223	9.210	0.013
5.656	9.358	9.335	0.023
5.660	9.494	9.465	0.028
5.663	9.628	9.599	0.028
5.667	9.758	9.737	0.021
5.670	9.881	9.857	0.024
5.674	9.997	9.958	0.039
5.677	10.103	10.049	0.054
5.681	10.200	10.133	0.067
5.684	10.288	10.210	0.078
5.688	10.366	10.282	0.084
5.691	10.436	10.350	0.087
5.694	10.499	10.413	0.086
5.698	10.555	10.473	0.082
5.701	10.606	10.530	0.076
5.705	10.653	10.583	0.070
5.708	10.699	10.634	0.065
5.712	10.743	10.687	0.056
5.715	10.790	10.743	0.046
5.719	10.838	10.801	0.037
5.722	10.888	10.858	0.029
5.726	10.941	10.916	0.024
5.729	10.996	10.974	0.021
5.733	11.053	11.032	0.020
5.736	11.111	11.090	0.021
5.740	11.171	11.148	0.023
5.743	11.230	11.205	0.025
5.747	11.290	11.263	0.027
5.750	11.348	11.320	0.028
5.753	11.403	11.371	0.033
5.757	11.456	11.415	0.040
5.760	11.504	11.456	0.049
5.764	11.549	11.493	0.056
5.767	11.590	11.527	0.063
5.771	11.626	11.559	0.068
5.774	11.659	11.588	0.071
5.778	11.688	11.615	0.072
5.781	11.713	11.641	0.072
5.785	11.735	11.664	0.071
5.788	11.754	11.685	0.068
5.792	11.770	11.705	0.065
5.795	11.784	11.722	0.061
5.799	11.796	11.737	0.059
5.802	11.806	11.749	0.057
5.806	11.815	11.759	0.056
5.809	11.823	11.768	0.055
5.813	11.829	11.774	0.055
5.816	11.834	11.779	0.055
5.819	11.837	11.782	0.055
5.823	11.839	11.784	0.055
5.826	11.839	11.784	0.055
5.830	11.838	11.783	0.055
5.833	11.835	11.780	0.055
5.837	11.830	11.774	0.056
5.840	11.823	11.765	0.058
5.844	11.813	11.754	0.060
5.847	11.802	11.740	0.062
5.851	11.788	11.725	0.064
5.854	11.773	11.707	0.065
5.858	11.755	11.688	0.067
5.861	11.735	11.667	0.067
5.865	11.712	11.645	0.068
5.868	11.688	11.620	0.067
5.872	11.661	11.594	0.067
5.875	11.633	11.567	0.066
5.878	11.602	11.536	0.066
5.882	11.569	11.501	0.068
5.885	11.534	11.463	0.072
5.889	11.497	11.422	0.075
5.892	11.458	11.379	0.079
5.896	11.416	11.333	0.083
5.899	11.372	11.286	0.086
5.903	11.325	11.236	0.088
5.906	11.274	11.185	0.090
5.910	11.221	11.131	0.090
5.913	11.165	11.076	0.089
5.917	11.104	11.018	0.086
5.920	11.040	10.957	0.083
5.924	10.972	10.892	0.080
5.927	10.901	10.825	0.076
5.931	10.826	10.754	0.071
5.934	10.747	10.681	0.066
5.938	10.666	10.606	0.060
5.941	10.583	10.529	0.054
5.944	10.498	10.449	0.049
5.948	10.412	10.367	0.045
5.951	10.327	10.283	0.044
5.955	10.242	10.197	0.044
5.958	10.158	10.109	0.049
5.962	10.077	10.029	0.047
5.965	9.998	9.958	0.040
5.969	9.924	9.891	0.032
5.972	9.852	9.828	0.024
5.976	9.785	9.767	0.018
5.979	9.721	9.709	0.013
5.983	9.661	9.652	0.009
5.986	9.605	9.597	0.008
5.990	9.551	9.543	0.008
5.993	9.501	9.490	0.010
5.997	9.453	9.439	0.014
6.000	9.407	9.388	0.018
6.003	9.362	9.340	0.022
6.007	9.319	9.293	0.026
6.010	9.276	9.248	0.029
6.014	9.235	9.203	0.031
6.017	9.193	9.160	0.033
6.021	9.153	9.118	0.035
6.024	9.112	9.077	0.036
6.028	9.073	9.036	0.036
6.031	9.033	8.996	0.037
6.035	8.994	8.957	0.037
6.038	8.956	8.919	0.037
6.042	8.918	8.881	0.036
6.045	8.880	8.845	0.036
6.049	8.843	8.808	0.035
6.052	8.807	8.773	0.034
6.056	8.772	8.738	0.033
6.059	8.737	8.704	0.033
6.063	8.703	8.670	0.032
6.066	8.669	8.637	0.032
6.069	8.637	8.605	0.032
6.073	8.604	8.573	0.032
6.076	8.573	8.541	0.032
6.080	8.542	8.510	0.032
6.083	8.511	8.479	0.033
6.087	8.481	8.449	0.033
6.090	8.452	8.419	0.033
6.094	8.423	8.390	0.033
6.097	8.395	8.362	0.033
6.101	8.367	8.334	0.033
6.104	8.339	8.306	0.033
6.108	8.312	8.279	0.033
6.111	8.285	8.253	0.033
6.115	8.259	8.226	0.033
6.118	8.233	8.200	0.033
6.122	8.208	8.175	0.033
6.125	8.182	8.149	0.033
6.128	8.158	8.125	0.033
6.132	8.133	8.100	0.033
6.135	8.109	8.076	0.033
6.139	8.085	8.052	0.033
6.142	8.061	8.029	0.033
6.146	8.038	8.005	0.033
6.149	8.015	7.982	0.033
6.153	7.993	7.960	0.033
6.156	7.970	7.938	0.033
6.160	7.948	7.915	0.033
6.163	7.926	7.894	0.033
6.167	7.905	7.872	0.033
6.170	7.883	7.851	0.033
6.174	7.862	7.830	0.033
6.177	7.841	7.809	0.033
6.181	7.821	7.788	0.033
6.184	7.800	7.768	0.033
6.188	7.780	7.748	0.033
6.191	7.760	7.728	0.033
6.194	7.741	7.708	0.033
6.198	7.721	7.688	0.033
6.201	7.701	7.669	0.033
6.205	7.682	7.650	0.033
6.208	7.663	7.631	0.033
6.212	7.644	7.612	0.032
6.215	7.626	7.593	0.032
6.219	7.607	7.575	0.032
6.222	7.589	7.557	0.032
6.226	7.570	7.539	0.031
6.229	7.552	7.521	0.031
6.233	7.534	7.504	0.031
6.236	7.517	7.486	0.030
6.240	7.499	7.469	0.030
6.243	7.482	7.452	0.030
6.247	7.465	7.435	0.030
6.250	7.449	7.419	0.030
6.253	7.433	7.402	0.030
6.257	7.417	7.387	0.030
6.260	7.401	7.371	0.030
6.264	7.386	7.356	0.031
6.267	7.372	7.341	0.031
6.271	7.357	7.326	0.031
6.274	7.343	7.311	0.032
6.278	7.328	7.297	0.032
6.281	7.314	7.283	0.032
6.285	7.301	7.269	0.032
6.288	7.287	7.255	0.032
6.292	7.273	7.241	0.032
6.295	7.259	7.229	0.030
6.299	7.245	7.217	0.028
6.302	7.231	7.206	0.024
6.306	7.217	7.196	0.020
6.309	7.203	7.187	0.016
6.313	7.190	7.177	0.012
6.316	7.177	7.169	0.009
6.319	7.166	7.161	0.005
6.323	7.156	7.153	0.003
6.326	7.148	7.146	0.003
6.330	7.142	7.139	0.003
6.333	7.139	7.132	0.007
6.337	7.138	7.130	0.008
6.340	7.140	7.133	0.008
6.344	7.146	7.139	0.007
6.347	7.155	7.147	0.008
6.351	7.166	7.157	0.009
6.354	7.181	7.170	0.011
6.358	7.197	7.184	0.013
6.361	7.216	7.200	0.015
6.365	7.235	7.218	0.018
6.368	7.256	7.237	0.019
6.372	7.277	7.257	0.020
6.375	7.298	7.279	0.019
6.378	7.317	7.297	0.020
6.382	7.336	7.311	0.025
6.385	7.352	7.323	0.029
6.389	7.367	7.333	0.033
6.392	7.379	7.342	0.037
6.396	7.390	7.351	0.039
6.399	7.399	7.358	0.040
6.403	7.406	7.365	0.040
6.406	7.412	7.372	0.040
6.410	7.416	7.378	0.038
6.413	7.420	7.383	0.037
6.417	7.423	7.388	0.035
6.420	7.427	7.394	0.032
6.424	7.430	7.401	0.029
6.427	7.434	7.407	0.027
6.431	7.438	7.414	0.024
6.434	7.443	7.421	0.022
6.438	7.449	7.428	0.021
6.441	7.455	7.435	0.020
6.444	7.462	7.443	0.020
6.448	7.470	7.450	0.019
6.451	7.478	7.458	0.020
6.455	7.486	7.466	0.020
6.458	7.494	7.473	0.021
6.462	7.503	7.481	0.022
6.465	7.511	7.488	0.023
6.469	7.520	7.495	0.024
6.472	7.528	7.503	0.025
6.476	7.536	7.510	0.026
6.479	7.544	7.517	0.027
6.483	7.551	7.524	0.027
6.486	7.559	7.531	0.028
6.490	7.566	7.538	0.028
6.493	7.573	7.545	0.028
6.497	7.579	7.552	0.027
6.500	7.586	7.559	0.027
6.503	7.592	7.567	0.024
6.507	7.598	7.577	0.021
6.510	7.604	7.588	0.017
6.514	7.611	7.599	0.012
6.517	7.617	7.611	0.007
6.521	7.625	7.623	0.002
6.524	7.633	7.636	0.003
6.528	7.643	7.649	0.006
6.531	7.654	7.663	0.009
6.535	7.668	7.677	0.009
6.538	7.684	7.692	0.008
6.542	7.702	7.707	0.005
6.545	7.724	7.729	0.005
6.549	7.749	7.758	0.009
6.552	7.778	7.792	0.015
6.556	7.810	7.830	0.020
6.559	7.847	7.871	0.024
6.563	7.887	7.916	0.028
6.566	7.932	7.963	0.031
6.569	7.980	8.012	0.032
6.573	8.031	8.064	0.033
6.576	8.086	8.118	0.032
6.580	8.144	8.174	0.030
6.583	8.206	8.232	0.027
6.587	8.270	8.291	0.021
6.590	8.337	8.350	0.013
6.594	8.406	8.410	0.004
6.597	8.477	8.471	0.006
6.601	8.549	8.533	0.016
6.604	8.621	8.595	0.026
6.608	8.694	8.659	0.035
6.611	8.766	8.725	0.041
6.615	8.837	8.791	0.046
6.618	8.905	8.858	0.047
6.622	8.971	8.926	0.045
6.625	9.033	8.996	0.038
6.628	9.091	9.054	0.038
6.632	9.144	9.099	0.045
6.635	9.191	9.138	0.054
6.639	9.233	9.171	0.062
6.642	9.269	9.199	0.070
6.646	9.299	9.224	0.075
6.649	9.324	9.245	0.079
6.653	9.344	9.263	0.081
6.656	9.358	9.278	0.080
6.660	9.368	9.290	0.078
6.663	9.374	9.300	0.074
6.667	9.376	9.307	0.069
6.670	9.374	9.311	0.063
6.674	9.370	9.312	0.059
6.677	9.364	9.310	0.054
6.681	9.355	9.305	0.050
6.684	9.345	9.298	0.046
6.688	9.332	9.290	0.043
6.691	9.319	9.278	0.040
6.694	9.304	9.265	0.038
6.698	9.288	9.250	0.037
6.701	9.270	9.234	0.037
6.705	9.252	9.215	0.037
6.708	9.233	9.195	0.039
6.712	9.214	9.176	0.038
6.715	9.193	9.159	0.034
6.719	9.173	9.143	0.030
6.722	9.152	9.127	0.025
6.726	9.131	9.111	0.021
6.729	9.111	9.094	0.016
6.733	9.090	9.078	0.013
6.736	9.071	9.061	0.010
6.740	9.052	9.044	0.008
6.743	9.034	9.026	0.008
6.747	9.018	9.009	0.009
6.750	9.003	8.990	0.013
6.753	8.990	8.977	0.013
6.757	8.979	8.969	0.009
6.760	8.970	8.964	0.005
6.764	8.963	8.962	0.001
6.767	8.958	8.962	0.003
6.771	8.956	8.963	0.007
6.774	8.956	8.966	0.010
6.778	8.959	8.970	0.011
6.781	8.964	8.976	0.012
6.785	8.971	8.982	0.011
6.788	8.981	8.990	0.009
6.792	8.993	8.999	0.006
6.795	9.007	9.008	0.002
6.799	9.023	9.019	0.004
6.802	9.040	9.030	0.010
6.806	9.059	9.042	0.018
6.809	9.080	9.054	0.025
6.813	9.100	9.068	0.033
6.816	9.121	9.082	0.039
6.819	9.141	9.096	0.045
6.823	9.160	9.111	0.048
6.826	9.177	9.127	0.050
6.830	9.192	9.143	0.048
6.833	9.203	9.160	0.043
6.837	9.211	9.168	0.043
6.840	9.214	9.167	0.048
6.844	9.213	9.160	0.053
6.847	9.207	9.149	0.059
6.851	9.196	9.134	0.063
6.854	9.181	9.115	0.066
6.858	9.161	9.094	0.067
6.861	9.137	9.070	0.067
6.865	9.110	9.044	0.066
6.868	9.079	9.015	0.064
6.872	9.046	8.985	0.061
6.875	9.010	8.952	0.058
6.878	8.973	8.919	0.054
6.882	8.935	8.887	0.047
6.885	8.896	8.855	0.041
6.889	8.857	8.822	0.034
6.892	8.818	8.789	0.029
6.896	8.779	8.755	0.024
6.899	8.740	8.720	0.020
6.903	8.702	8.684	0.017
6.906	8.664	8.648	0.016
6.910	8.627	8.611	0.016
6.913	8.591	8.573	0.018
6.917	8.555	8.535	0.021
6.920	8.521	8.498	0.022
6.924	8.487	8.465	0.022
6.927	8.454	8.432	0.022
6.931	8.422	8.401	0.021
6.934	8.390	8.370	0.020
6.938	8.360	8.340	0.020
6.941	8.330	8.310	0.020
6.944	8.301	8.280	0.020
6.948	8.272	8.251	0.021
6.951	8.243	8.222	0.021
6.955	8.215	8.193	0.022
6.958	8.187	8.165	0.022
6.962	8.159	8.136	0.023
6.965	8.131	8.108	0.023
6.969	8.102	8.079	0.023
6.972	8.074	8.051	0.023
6.976	8.045	8.022	0.023
6.979	8.016	7.994	0.023
6.983	7.988	7.965	0.022
6.986	7.959	7.937	0.022
6.990	7.930	7.908	0.021
6.993	7.901	7.880	0.021
6.997	7.873	7.851	0.021
7.000	7.845	7.823	0.022
7.003	7.817	7.796	0.021
7.007	7.790	7.770	0.020
7.010	7.763	7.744	0.019
7.014	7.737	7.720	0.018
7.017	7.712	7.695	0.017
7.021	7.687	7.672	0.016
7.024	7.663	7.648	0.015
7.028	7.640	7.625	0.015
7.031	7.617	7.602	0.015
7.035	7.595	7.580	0.015
7.038	7.573	7.558	0.016
7.042	7.552	7.536	0.016
7.045	7.531	7.515	0.017
7.049	7.511	7.494	0.017
7.052	7.490	7.473	0.017
7.056	7.471	7.453	0.017
7.059	7.451	7.434	0.017
7.063	7.432	7.414	0.017
7.066	7.413	7.395	0.017
7.069	7.394	7.377	0.017
7.073	7.375	7.358	0.017
7.076	7.357	7.340	0.017
7.080	7.339	7.322	0.017
7.083	7.321	7.304	0.017
7.087	7.303	7.286	0.017
7.090	7.286	7.269	0.017
7.094	7.269	7.252	0.017
7.097	7.252	7.236	0.017
7.101	7.236	7.219	0.017
7.104	7.219	7.203	0.017
7.108	7.203	7.187	0.016
7.111	7.187	7.171	0.016
7.115	7.172	7.155	0.016
7.118	7.156	7.140	0.016
7.122	7.141	7.125	0.016
7.125	7.126	7.109	0.016
7.128	7.111	7.094	0.016
7.132	7.096	7.080	0.016
7.135	7.081	7.065	0.016
7.139	7.067	7.051	0.016
7.142	7.052	7.036	0.016
7.146	7.038	7.022	0.016
7.149	7.024	7.008	0.016
7.153	7.010	6.994	0.016
7.156	6.996	6.980	0.016
7.160	6.982	6.966	0.016
7.163	6.969	6.953	0.016
7.167	6.955	6.939	0.016
7.170	6.942	6.926	0.016
7.174	6.929	6.913	0.016
7.177	6.915	6.900	0.016
7.181	6.902	6.887	0.016
7.184	6.889	6.874	0.015
7.188	6.877	6.861	0.015
7.191	6.864	6.849	0.015
7.194	6.851	6.836	0.015
7.198	6.839	6.823	0.015
7.201	6.826	6.811	0.015
7.205	6.814	6.799	0.015
7.208	6.802	6.787	0.015
7.212	6.789	6.775	0.015
7.215	6.777	6.763	0.015
7.219	6.765	6.751	0.015
7.222	6.753	6.739	0.015
7.226	6.742	6.727	0.015
7.229	6.730	6.715	0.015
7.233	6.718	6.704	0.015
7.236	6.707	6.692	0.014
7.240	6.695	6.681	0.014
7.243	6.684	6.669	0.014
7.247	6.672	6.658	0.014
7.250	6.661	6.647	0.014
7.253	6.650	6.636	0.014
7.257	6.639	6.625	0.014
7.260	6.628	6.614	0.014
7.264	6.617	6.603	0.013
7.267	6.606	6.593	0.013
7.271	6.595	6.582	0.013
7.274	6.584	6.572	0.013
7.278	6.574	6.561	0.013
7.281	6.563	6.551	0.012
7.285	6.553	6.541	0.012
7.288	6.543	6.531	0.012
7.292	6.533	6.521	0.012
7.295	6.523	6.511	0.012
7.299	6.514	6.502	0.011
7.302	6.504	6.493	0.011
7.306	6.495	6.485	0.010
7.309	6.486	6.477	0.009
7.313	6.477	6.469	0.009
7.316	6.469	6.461	0.008
7.319	6.461	6.453	0.007
7.323	6.453	6.446	0.007
7.326	6.446	6.439	0.007
7.330	6.439	6.432	0.007
7.333	6.432	6.425	0.008
7.337	6.426	6.419	0.008
7.340	6.421	6.413	0.007
7.344	6.416	6.409	0.007
7.347	6.412	6.405	0.007
7.351	6.408	6.401	0.006
7.354	6.404	6.398	0.006
7.358	6.401	6.395	0.006
7.361	6.399	6.393	0.006
7.365	6.397	6.391	0.006
7.368	6.395	6.389	0.006
7.372	6.394	6.388	0.006
7.375	6.393	6.387	0.006
7.378	6.392	6.386	0.006
7.382	6.391	6.385	0.006
7.385	6.391	6.385	0.006
7.389	6.391	6.384	0.006
7.392	6.391	6.385	0.006
7.396	6.391	6.385	0.006
7.399	6.391	6.385	0.006
7.403	6.392	6.386	0.006
7.406	6.393	6.387	0.005
7.410	6.394	6.388	0.005
7.413	6.395	6.390	0.005
7.417	6.397	6.392	0.005
7.420	6.399	6.394	0.005
7.424	6.401	6.396	0.005
7.427	6.404	6.398	0.006
7.431	6.407	6.401	0.006
7.434	6.411	6.404	0.007
7.438	6.415	6.408	0.007
7.441	6.419	6.411	0.008
7.444	6.423	6.415	0.008
7.448	6.428	6.419	0.008
7.451	6.432	6.424	0.008
7.455	6.436	6.428	0.008
7.458	6.440	6.433	0.008
7.462	6.444	6.437	0.007
7.465	6.448	6.441	0.007
7.469	6.451	6.444	0.007
7.472	6.454	6.448	0.006
7.476	6.457	6.451	0.006
7.479	6.459	6.455	0.005
7.483	6.462	6.458	0.004
7.486	6.464	6.461	0.003
7.490	6.467	6.465	0.002
7.493	6.470	6.468	0.002
7.497	6.473	6.471	0.002
7.500	6.477	6.474	0.002
7.503	6.481	6.479	0.002
7.507	6.486	6.485	0.001
7.510	6.493	6.493	0.000
7.514	6.500	6.500	0.001
7.517	6.507	6.509	0.001
7.521	6.516	6.518	0.002
7.524	6.526	6.528	0.002
7.528	6.536	6.538	0.002
7.531	6.547	6.548	0.002
7.535	6.558	6.559	0.001
7.538	6.570	6.571	0.001
7.542	6.582	6.583	0.001
7.545	6.594	6.595	0.001
7.549	6.606	6.609	0.003
7.552	6.618	6.623	0.005
7.556	6.631	6.638	0.007
7.559	6.644	6.653	0.010
7.563	6.657	6.669	0.013
7.566	6.670	6.686	0.015
7.569	6.685	6.703	0.018
7.573	6.701	6.720	0.019
7.576	6.718	6.738	0.020
7.580	6.737	6.756	0.020
7.583	6.757	6.775	0.018
7.587	6.781	6.796	0.015
7.590	6.806	6.818	0.012
7.594	6.834	6.842	0.008
7.597	6.864	6.868	0.003
7.601	6.896	6.894	0.002
7.604	6.930	6.921	0.008
7.608	6.964	6.950	0.014
7.611	6.998	6.979	0.019
7.615	7.032	7.009	0.023
7.618	7.065	7.040	0.025
7.622	7.095	7.071	0.024
7.625	7.123	7.104	0.019
7.628	7.147	7.128	0.019
7.632	7.166	7.143	0.023
7.635	7.181	7.153	0.028
7.639	7.191	7.160	0.031
7.642	7.196	7.163	0.033
7.646	7.197	7.163	0.034
7.649	7.194	7.160	0.033
7.653	7.187	7.156	0.031
7.656	7.177	7.149	0.029
7.660	7.166	7.140	0.026
7.663	7.153	7.129	0.024
7.667	7.139	7.116	0.023
7.670	7.126	7.107	0.019
7.674	7.114	7.101	0.012
7.677	7.103	7.097	0.006
7.681	7.094	7.094	0.000
7.684	7.088	7.092	0.005
7.688	7.083	7.091	0.008
7.691	7.079	7.090	0.010
7.694	7.078	7.089	0.011
7.698	7.078	7.089	0.011
7.701	7.079	7.089	0.010
7.705	7.081	7.089	0.008
7.708	7.084	7.089	0.006
7.712	7.086	7.089	0.003
7.715	7.088	7.088	0.000
7.719	7.090	7.087	0.003
7.722	7.091	7.085	0.006
7.726	7.091	7.083	0.008
7.729	7.090	7.081	0.009
7.733	7.089	7.078	0.010
7.736	7.086	7.076	0.011
7.740	7.084	7.073	0.011
7.743	7.080	7.070	0.010
7.747	7.076	7.066	0.010
7.750	7.072	7.063	0.009
7.753	7.067	7.061	0.007
7.757	7.063	7.059	0.003
7.760	7.058	7.058	0.000
7.764	7.054	7.058	0.004
7.767	7.050	7.058	0.008
7.771	7.047	7.058	0.012
7.774	7.044	7.059	0.015
7.778	7.042	7.059	0.017
7.781	7.042	7.060	0.019
7.785	7.042	7.061	0.019
7.788	7.045	7.063	0.018
7.792	7.049	7.064	0.015
7.795	7.055	7.068	0.013
7.799	7.063	7.074	0.012
7.802	7.072	7.082	0.009
7.806	7.084	7.091	0.007
7.809	7.097	7.101	0.004
7.813	7.112	7.112	0.000
7.816	7.127	7.124	0.003
7.819	7.143	7.137	0.007
7.823	7.159	7.150	0.009
7.826	7.175	7.165	0.011
7.830	7.190	7.179	0.010
7.833	7.203	7.195	0.008
7.837	7.214	7.205	0.009
7.840	7.222	7.209	0.013
7.844	7.227	7.209	0.018
7.847	7.230	7.206	0.023
7.851	7.229	7.202	0.027
7.854	7.225	7.195	0.030
7.858	7.218	7.187	0.032
7.861	7.209	7.176	0.032
7.865	7.197	7.165	0.032
7.868	7.182	7.152	0.030
7.872	7.166	7.138	0.028
7.875	7.148	7.122	0.026
7.878	7.129	7.106	0.023
7.882	7.109	7.089	0.019
7.885	7.088	7.072	0.016
7.889	7.066	7.053	0.013
7.892	7.044	7.034	0.010
7.896	7.022	7.014	0.008
7.899	7.000	6.994	0.006
7.903	6.977	6.972	0.005
7.906	6.954	6.950	0.004
7.910	6.931	6.927	0.004
7.913	6.909	6.904	0.005
7.917	6.886	6.880	0.006
7.920	6.863	6.857	0.006
7.924	6.840	6.835	0.005
7.927	6.817	6.813	0.004
7.931	6.794	6.791	0.003
7.934	6.771	6.770	0.001
7.938	6.749	6.749	0.000
7.941	6.726	6.727	0.001
7.944	6.704	6.706	0.002
7.948	6.682	6.684	0.002
7.951	6.661	6.663	0.002
7.955	6.639	6.641	0.002
7.958	6.619	6.619	0.001
7.962	6.598	6.599	0.000
7.965	6.579	6.580	0.001
7.969	6.560	6.561	0.002
7.972	6.541	6.543	0.002
7.976	6.523	6.526	0.003
7.979	6.506	6.509	0.003
7.983	6.489	6.492	0.004
7.986	6.472	6.476	0.004
7.990	6.456	6.460	0.004
7.993	6.440	6.444	0.003
7.997	6.425	6.428	0.003
8.000	6.410	6.413	0.003
8.003	6.395	6.397	0.002
8.007	6.380	6.382	0.002
8.010	6.366	6.367	0.002
8.014	6.351	6.353	0.001
8.017	6.337	6.338	0.001
8.021	6.323	6.324	0.001
8.024	6.308	6.310	0.001
8.028	6.294	6.296	0.001
8.031	6.280	6.282	0.001
8.035	6.266	6.268	0.001
8.038	6.252	6.254	0.001
8.042	6.239	6.240	0.001
8.045	6.225	6.227	0.002
8.049	6.212	6.214	0.002
8.052	6.198	6.201	0.002
8.056	6.185	6.188	0.003
8.059	6.172	6.175	0.003
8.063	6.160	6.163	0.003
8.066	6.147	6.150	0.003
8.069	6.135	6.138	0.004
8.073	6.122	6.126	0.004
8.076	6.110	6.114	0.004
8.080	6.098	6.102	0.004
8.083	6.087	6.090	0.004
8.087	6.075	6.079	0.004
8.090	6.064	6.067	0.004
8.094	6.052	6.056	0.004
8.097	6.041	6.045	0.004
8.101	6.030	6.034	0.004
8.104	6.020	6.024	0.004
8.108	6.009	6.013	0.004
8.111	5.999	6.003	0.004
8.115	5.988	5.993	0.004
8.118	5.978	5.982	0.004
8.122	5.968	5.972	0.004
8.125	5.958	5.962	0.004
8.128	5.948	5.952	0.004
8.132	5.938	5.943	0.004
8.135	5.929	5.933	0.004
8.139	5.919	5.923	0.004
8.142	5.910	5.914	0.004
8.146	5.900	5.905	0.004
8.149	5.891	5.895	0.004
8.153	5.882	5.886	0.005
8.156	5.872	5.877	0.005
8.160	5.863	5.868	0.005
8.163	5.854	5.859	0.005
8.167	5.845	5.850	0.005
8.170	5.836	5.841	0.005
8.174	5.827	5.832	0.005
8.177	5.818	5.823	0.005
8.181	5.810	5.815	0.005
8.184	5.801	5.806	0.005
8.188	5.792	5.798	0.005
8.191	5.784	5.789	0.005
8.194	5.775	5.781	0.005
8.198	5.767	5.772	0.005
8.201	5.759	5.764	0.005
8.205	5.750	5.756	0.005
8.208	5.742	5.748	0.006
8.212	5.734	5.739	0.006
8.215	5.726	5.731	0.006
8.219	5.717	5.723	0.006
8.222	5.709	5.715	0.006
8.226	5.701	5.707	0.006
8.229	5.693	5.699	0.006
8.233	5.685	5.692	0.006
8.236	5.677	5.684	0.007
8.240	5.669	5.676	0.007
8.243	5.662	5.668	0.007
8.247	5.654	5.661	0.007
8.250	5.646	5.653	0.007
8.253	5.639	5.646	0.007
8.257	5.631	5.639	0.007
8.260	5.624	5.632	0.008
8.264	5.617	5.625	0.008
8.267	5.610	5.619	0.009
8.271	5.603	5.612	0.009
8.274	5.596	5.606	0.009
8.278	5.590	5.600	0.010
8.281	5.584	5.593	0.010
8.285	5.578	5.587	0.010
8.288	5.572	5.582	0.010
8.292	5.566	5.576	0.010
8.295	5.561	5.570	0.010
8.299	5.556	5.566	0.010
8.302	5.551	5.561	0.010
8.306	5.546	5.557	0.011
8.309	5.542	5.553	0.011
8.313	5.538	5.550	0.011
8.316	5.534	5.546	0.012
8.319	5.531	5.543	0.012
8.323	5.528	5.540	0.012
8.326	5.525	5.537	0.012
8.330	5.522	5.534	0.012
8.333	5.520	5.532	0.012
8.337	5.518	5.530	0.012
8.340	5.516	5.529	0.013
8.344	5.515	5.529	0.014
8.347	5.514	5.529	0.015
8.351	5.513	5.529	0.016
8.354	5.513	5.529	0.017
8.358	5.513	5.530	0.018
8.361	5.513	5.532	0.019
8.365	5.514	5.533	0.019
8.368	5.516	5.535	0.019
8.372	5.518	5.537	0.019
8.375	5.521	5.539	0.018
8.378	5.525	5.543	0.018
8.382	5.530	5.548	0.018
8.385	5.535	5.553	0.018
8.389	5.542	5.559	0.017
8.392	5.549	5.566	0.017
8.396	5.557	5.573	0.017
8.399	5.565	5.581	0.016
8.403	5.574	5.590	0.015
8.406	5.584	5.599	0.015
8.410	5.593	5.608	0.015
8.413	5.603	5.618	0.015
8.417	5.613	5.628	0.015
8.420	5.622	5.638	0.015
8.424	5.632	5.647	0.015
8.427	5.641	5.655	0.015
8.431	5.650	5.664	0.014
8.434	5.658	5.673	0.015
8.438	5.666	5.681	0.015
8.441	5.674	5.690	0.016
8.444	5.682	5.699	0.016
8.448	5.691	5.707	0.017
8.451	5.699	5.716	0.017
8.455	5.707	5.725	0.018
8.458	5.716	5.734	0.017
8.462	5.726	5.745	0.019
8.465	5.737	5.758	0.021
8.469	5.748	5.773	0.025
8.472	5.760	5.788	0.028
8.476	5.774	5.805	0.031
8.479	5.789	5.823	0.034
8.483	5.805	5.841	0.036
8.486	5.822	5.860	0.038
8.490	5.841	5.880	0.039
8.493	5.861	5.901	0.039
8.497	5.884	5.922	0.038
8.500	5.908	5.944	0.036
8.503	5.933	5.969	0.035
8.507	5.961	5.996	0.036
8.510	5.990	6.026	0.036
8.514	6.022	6.058	0.037
8.517	6.055	6.092	0.037
8.521	6.089	6.126	0.037
8.524	6.126	6.162	0.037
8.528	6.163	6.200	0.037
8.531	6.203	6.239	0.036
8.535	6.243	6.278	0.036
8.538	6.284	6.319	0.035
8.542	6.326	6.362	0.035
8.545	6.369	6.403	0.034
8.549	6.413	6.445	0.033
8.552	6.457	6.487	0.031
8.556	6.501	6.530	0.029
8.559	6.545	6.573	0.027
8.563	6.590	6.616	0.026
8.566	6.635	6.660	0.025
8.569	6.679	6.704	0.025
8.573	6.725	6.749	0.024
8.576	6.770	6.794	0.025
8.580	6.815	6.840	0.025
8.583	6.860	6.887	0.026
8.587	6.906	6.934	0.028
8.590	6.951	6.983	0.031
8.594	6.997	7.032	0.035
8.597	7.043	7.082	0.038
8.601	7.090	7.132	0.042
8.604	7.138	7.184	0.046
8.608	7.187	7.236	0.049
8.611	7.237	7.289	0.052
8.615	7.288	7.342	0.054
8.618	7.341	7.396	0.055
8.622	7.397	7.451	0.054
8.625	7.454	7.506	0.052
8.628	7.515	7.564	0.049
8.632	7.578	7.626	0.047
8.635	7.645	7.689	0.045
8.639	7.714	7.755	0.041
8.642	7.785	7.822	0.037
8.646	7.859	7.891	0.032
8.649	7.934	7.961	0.027
8.653	8.010	8.033	0.023
8.656	8.086	8.105	0.019
8.660	8.162	8.180	0.018
8.663	8.237	8.255	0.018
8.667	8.310	8.331	0.022
8.670	8.380	8.402	0.023
8.674	8.447	8.468	0.021
8.677	8.510	8.529	0.020
8.681	8.570	8.589	0.019
8.684	8.626	8.647	0.020
8.688	8.680	8.703	0.023
8.691	8.732	8.758	0.026
8.694	8.782	8.811	0.029
8.698	8.830	8.863	0.033
8.701	8.879	8.915	0.036
8.705	8.928	8.965	0.037
8.708	8.979	9.015	0.036
8.712	9.033	9.071	0.038
8.715	9.090	9.134	0.044
8.719	9.152	9.201	0.050
8.722	9.217	9.271	0.054
8.726	9.286	9.344	0.058
8.729	9.359	9.419	0.059
8.733	9.436	9.496	0.060
8.736	9.516	9.575	0.059
8.740	9.598	9.655	0.057
8.743	9.683	9.738	0.055
8.747	9.768	9.821	0.053
8.750	9.855	9.907	0.052
8.753	9.941	9.985	0.044
8.757	10.026	10.056	0.030
8.760	10.109	10.122	0.013
8.764	10.190	10.185	0.005
8.767	10.268	10.246	0.022
8.771	10.342	10.304	0.038
8.774	10.412	10.361	0.051
8.778	10.477	10.416	0.060
8.781	10.535	10.470	0.066
8.785	10.588	10.522	0.066
8.788	10.634	10.572	0.061
8.792	10.671	10.622	0.049
8.795	10.701	10.658	0.042
8.799	10.721	10.681	0.040
8.802	10.733	10.695	0.038
8.806	10.736	10.702	0.035
8.809	10.732	10.702	0.030
8.813	10.721	10.697	0.024
8.816	10.703	10.687	0.017
8.819	10.681	10.672	0.010
8.823	10.655	10.652	0.003
8.826	10.627	10.628	0.001
8.830	10.598	10.601	0.003
8.833	10.570	10.569	0.001
8.837	10.544	10.546	0.002
8.840	10.521	10.531	0.010
8.844	10.503	10.520	0.017
8.847	10.490	10.513	0.023
8.851	10.480	10.507	0.026
8.854	10.475	10.502	0.027
8.858	10.473	10.499	0.026
8.861	10.474	10.497	0.023
8.865	10.477	10.496	0.020
8.868	10.480	10.495	0.016
8.872	10.482	10.495	0.013
8.875	10.483	10.496	0.012
8.878	10.481	10.487	0.006
8.882	10.474	10.470	0.004
8.885	10.463	10.448	0.014
8.889	10.445	10.421	0.024
8.892	10.423	10.391	0.032
8.896	10.395	10.357	0.037
8.899	10.361	10.321	0.041
8.903	10.323	10.281	0.042
8.906	10.280	10.239	0.041
8.910	10.233	10.194	0.039
8.913	10.183	10.147	0.036
8.917	10.130	10.098	0.032
8.920	10.075	10.049	0.026
8.924	10.018	10.000	0.018
8.927	9.961	9.950	0.010
8.931	9.902	9.900	0.002
8.934	9.844	9.849	0.005
8.938	9.786	9.797	0.011
8.941	9.728	9.743	0.016
8.944	9.670	9.689	0.019
8.948	9.613	9.634	0.021
8.951	9.557	9.577	0.021
8.955	9.501	9.520	0.019
8.958	9.447	9.461	0.015
8.962	9.393	9.406	0.013
8.965	9.341	9.355	0.014
8.969	9.290	9.306	0.016
8.972	9.241	9.258	0.017
8.976	9.192	9.211	0.019
8.979	9.144	9.165	0.020
8.983	9.098	9.119	0.021
8.986	9.053	9.074	0.021
8.990	9.008	9.029	0.021
8.993	8.965	8.985	0.020
8.997	8.922	8.941	0.019
9.000	8.880	8.897	0.018
9.003	8.838	8.854	0.017
9.007	8.796	8.813	0.016
9.010	8.755	8.771	0.017
9.014	8.714	8.731	0.017
9.017	8.673	8.691	0.018
9.021	8.633	8.651	0.018
9.024	8.593	8.612	0.019
9.028	8.553	8.572	0.020
9.031	8.514	8.534	0.020
9.035	8.475	8.495	0.020
9.038	8.437	8.456	0.020
9.042	8.399	8.418	0.019
9.045	8.363	8.382	0.019
9.049	8.327	8.347	0.020
9.052	8.292	8.313	0.021
9.056	8.258	8.281	0.022
9.059	8.225	8.249	0.023
9.063	8.193	8.217	0.024
9.066	8.162	8.187	0.025
9.069	8.132	8.157	0.025
9.073	8.102	8.128	0.025
9.076	8.074	8.099	0.025
9.080	8.046	8.070	0.024
9.083	8.018	8.042	0.024
9.087	7.992	8.015	0.023
9.090	7.966	7.988	0.023
9.094	7.940	7.963	0.022
9.097	7.915	7.937	0.022
9.101	7.891	7.913	0.022
9.104	7.866	7.888	0.022
9.108	7.843	7.865	0.022
9.111	7.819	7.841	0.022
9.115	7.796	7.818	0.022
9.118	7.774	7.795	0.022
9.122	7.751	7.773	0.022
9.125	7.730	7.751	0.022
9.128	7.708	7.730	0.022
9.132	7.687	7.709	0.022
9.135	7.666	7.688	0.022
9.139	7.645	7.667	0.022
9.142	7.625	7.647	0.022
9.146	7.605	7.627	0.022
9.149	7.586	7.608	0.022
9.153	7.566	7.588	0.022
9.156	7.547	7.569	0.022
9.160	7.528	7.550	0.022
9.163	7.510	7.532	0.022
9.167	7.491	7.514	0.022
9.170	7.473	7.495	0.022
9.174	7.455	7.478	0.022
9.177	7.438	7.460	0.022
9.181	7.420	7.443	0.022
9.184	7.403	7.425	0.022
9.188	7.386	7.408	0.022
9.191	7.369	7.392	0.022
9.194	7.353	7.375	0.022
9.198	7.336	7.358	0.022
9.201	7.320	7.342	0.022
9.205	7.304	7.326	0.022
9.208	7.288	7.310	0.022
9.212	7.272	7.295	0.022
9.215	7.256	7.279	0.023
9.219	7.241	7.264	0.023
9.222	7.226	7.248	0.023
9.226	7.210	7.233	0.023
9.229	7.195	7.218	0.023
9.233	7.180	7.203	0.023
9.236	7.166	7.189	0.023
9.240	7.151	7.174	0.023
9.243	7.136	7.160	0.024
9.247	7.122	7.146	0.024
9.250	7.108	7.132	0.024
9.253	7.094	7.118	0.024
9.257	7.080	7.105	0.024
9.260	7.067	7.092	0.025
9.264	7.054	7.080	0.026
9.267	7.041	7.067	0.027
9.271	7.028	7.055	0.027
9.274	7.016	7.044	0.028
9.278	7.004	7.032	0.028
9.281	6.992	7.021	0.029
9.285	6.981	7.010	0.029
9.288	6.970	6.999	0.029
9.292	6.960	6.988	0.028
9.295	6.950	6.980	0.029
9.299	6.941	6.973	0.032
9.302	6.933	6.968	0.035
9.306	6.925	6.963	0.038
9.309	6.919	6.960	0.041
9.313	6.913	6.958	0.044
9.316	6.909	6.956	0.047
9.319	6.906	6.955	0.049
9.323	6.905	6.955	0.051
9.326	6.905	6.956	0.051
9.330	6.907	6.957	0.050
9.333	6.911	6.959	0.048
9.337	6.917	6.964	0.047
9.340	6.926	6.975	0.048
9.344	6.937	6.988	0.050
9.347	6.951	7.003	0.052
9.351	6.967	7.020	0.053
9.354	6.985	7.040	0.054
9.358	7.006	7.061	0.055
9.361	7.029	7.083	0.055
9.365	7.053	7.108	0.054
9.368	7.080	7.133	0.054
9.372	7.108	7.160	0.053
9.375	7.137	7.189	0.052
9.378	7.168	7.219	0.051
9.382	7.199	7.250	0.051
9.385	7.232	7.283	0.052
9.389	7.265	7.317	0.052
9.392	7.300	7.353	0.053
9.396	7.335	7.389	0.054
9.399	7.372	7.427	0.055
9.403	7.409	7.466	0.057
9.406	7.448	7.506	0.057
9.410	7.489	7.547	0.058
9.413	7.531	7.589	0.058
9.417	7.576	7.632	0.057
9.420	7.622	7.679	0.057
9.424	7.670	7.728	0.058
9.427	7.721	7.780	0.060
9.431	7.774	7.834	0.061
9.434	7.829	7.890	0.062
9.438	7.886	7.948	0.062
9.441	7.945	8.008	0.063
9.444	8.006	8.069	0.062
9.448	8.069	8.131	0.062
9.451	8.134	8.195	0.062
9.455	8.200	8.261	0.061
9.458	8.267	8.328	0.061
9.462	8.335	8.395	0.060
9.465	8.405	8.463	0.058
9.469	8.474	8.531	0.057
9.472	8.545	8.601	0.056
9.476	8.616	8.671	0.055
9.479	8.688	8.742	0.054
9.483	8.760	8.814	0.053
9.486	8.833	8.886	0.053
9.490	8.907	8.960	0.053
9.493	8.981	9.034	0.053
9.497	9.056	9.110	0.054
9.500	9.131	9.186	0.055
9.503	9.208	9.263	0.055
9.507	9.284	9.339	0.055
9.510	9.362	9.416	0.054
9.514	9.441	9.494	0.053
9.517	9.520	9.572	0.053
9.521	9.600	9.651	0.052
9.524	9.680	9.731	0.051
9.528	9.761	9.811	0.050
9.531	9.842	9.892	0.050
9.535	9.923	9.973	0.050
9.538	10.005	10.055	0.050
9.542	10.086	10.138	0.051
9.545	10.168	10.219	0.051
9.549	10.249	10.299	0.050
9.552	10.331	10.379	0.049
9.556	10.412	10.458	0.047
9.559	10.492	10.538	0.045
9.563	10.573	10.617	0.044
9.566	10.653	10.696	0.043
9.569	10.732	10.775	0.043
9.573	10.811	10.854	0.043
9.576	10.890	10.933	0.043
9.580	10.969	11.013	0.044
9.583	11.047	11.092	0.045
9.587	11.125	11.171	0.045
9.590	11.203	11.247	0.045
9.594	11.280	11.323	0.044
9.597	11.357	11.399	0.042
9.601	11.433	11.474	0.041
9.604	11.509	11.549	0.039
9.608	11.585	11.623	0.038
9.611	11.660	11.697	0.037
9.615	11.734	11.771	0.037
9.618	11.808	11.845	0.037
9.622	11.880	11.918	0.038
9.625	11.952	11.992	0.039
9.628	12.023	12.063	0.040
9.632	12.093	12.132	0.038
9.635	12.162	12.199	0.037
9.639	12.230	12.266	0.036
9.642	12.297	12.331	0.034
9.646	12.363	12.396	0.033
9.649	12.428	12.460	0.032
9.653	12.491	12.523	0.032
9.656	12.554	12.585	0.032
9.660	12.616	12.647	0.032
9.663	12.676	12.709	0.033
9.667	12.736	12.770	0.034
9.670	12.794	12.828	0.034
9.674	12.852	12.885	0.033
9.677	12.908	12.939	0.031
9.681	12.964	12.993	0.029
9.684	13.019	13.045	0.026
9.688	13.072	13.096	0.024
9.691	13.124	13.147	0.022
9.694	13.175	13.196	0.021
9.698	13.224	13.244	0.020
9.701	13.272	13.292	0.020
9.705	13.318	13.339	0.021
9.708	13.362	13.385	0.023
9.712	13.404	13.428	0.024
9.715	13.444	13.467	0.023
9.719	13.482	13.504	0.022
9.722	13.518	13.538	0.021
9.726	13.552	13.571	0.020
9.729	13.583	13.603	0.019
9.733	13.613	13.632	0.019
9.736	13.641	13.660	0.019
9.740	13.668	13.687	0.020
9.743	13.692	13.713	0.020
9.747	13.716	13.737	0.021
9.750	13.738	13.760	0.022
9.753	13.760	13.782	0.023
9.757	13.780	13.803	0.023
9.760	13.800	13.823	0.023
9.764	13.819	13.841	0.023
9.767	13.837	13.859	0.022
9.771	13.854	13.876	0.022
9.774	13.871	13.892	0.021
9.778	13.886	13.906	0.020
9.781	13.901	13.920	0.020
9.785	13.914	13.933	0.019
9.788	13.926	13.945	0.019
9.792	13.936	13.957	0.020
9.795	13.945	13.965	0.020
9.799	13.953	13.970	0.018
9.802	13.958	13.974	0.016
9.806	13.961	13.975	0.014
9.809	13.963	13.975	0.012
9.813	13.963	13.973	0.011
9.816	13.961	13.970	0.009
9.819	13.957	13.965	0.009
9.823	13.951	13.959	0.009
9.826	13.943	13.952	0.009
9.830	13.934	13.943	0.010
9.833	13.923	13.934	0.011
9.837	13.910	13.922	0.012
9.840	13.896	13.907	0.012
9.844	13.880	13.892	0.012
9.847	13.863	13.874	0.012
9.851	13.844	13.855	0.011
9.854	13.824	13.835	0.011
9.858	13.802	13.813	0.011
9.861	13.779	13.790	0.011
9.865	13.755	13.766	0.011
9.868	13.729	13.740	0.011
9.872	13.702	13.713	0.011
9.875	13.673	13.685	0.011
9.878	13.644	13.655	0.011
9.882	13.612	13.622	0.010
9.885	13.580	13.588	0.009
9.889	13.546	13.553	0.007
9.892	13.511	13.516	0.005
9.896	13.474	13.477	0.004
9.899	13.435	13.438	0.002
9.903	13.395	13.397	0.001
9.906	13.353	13.354	0.001
9.910	13.310	13.310	0.001
9.913	13.264	13.265	0.001
9.917	13.217	13.219	0.002
9.920	13.168	13.171	0.003
9.924	13.116	13.120	0.004
9.927	13.063	13.068	0.005
9.931	13.007	13.014	0.007
9.934	12.950	12.959	0.009
9.938	12.891	12.901	0.010
9.941	12.831	12.843	0.012
9.944	12.769	12.783	0.014
9.948	12.707	12.722	0.015
9.951	12.643	12.659	0.016
9.955	12.580	12.595	0.016
9.958	12.516	12.530	0.014
9.962	12.452	12.467	0.015
9.965	12.389	12.407	0.018
9.969	12.327	12.348	0.021
9.972	12.265	12.289	0.024
9.976	12.204	12.231	0.027
9.979	12.143	12.173	0.029
9.983	12.084	12.115	0.031
9.986	12.025	12.057	0.032
9.990	11.967	11.999	0.032
9.993	11.910	11.941	0.031
9.997	11.853	11.883	0.030
10.000	11.797	11.825	0.028
10.003	11.741	11.768	0.027
10.007	11.685	11.713	0.028
10.010	11.630	11.658	0.028
10.014	11.575	11.604	0.030
10.017	11.520	11.550	0.031
10.021	11.465	11.497	0.032
10.024	11.411	11.444	0.033
10.028	11.357	11.391	0.034
10.031	11.304	11.339	0.035
10.035	11.251	11.286	0.035
10.038	11.199	11.234	0.035
10.042	11.149	11.182	0.033
10.045	11.099	11.132	0.033
10.049	11.050	11.085	0.035
10.052	11.003	11.039	0.036
10.056	10.957	10.995	0.038
10.059	10.912	10.952	0.040
10.063	10.868	10.909	0.041
10.066	10.826	10.868	0.042
10.069	10.784	10.827	0.043
10.073	10.744	10.787	0.043
10.076	10.705	10.748	0.042
10.080	10.667	10.709	0.041
10.083	10.630	10.671	0.040
10.087	10.594	10.633	0.039
10.090	10.559	10.598	0.039
10.094	10.524	10.563	0.038
10.097	10.490	10.529	0.038
10.101	10.457	10.495	0.038
10.104	10.425	10.463	0.038
10.108	10.393	10.430	0.038
10.111	10.361	10.399	0.038
10.115	10.330	10.368	0.038
10.118	10.300	10.338	0.038
10.122	10.270	10.308	0.037
10.125	10.241	10.278	0.037
10.128	10.212	10.249	0.037
10.132	10.184	10.221	0.037
10.135	10.156	10.193	0.037
10.139	10.128	10.165	0.037
10.142	10.101	10.138	0.037
10.146	10.074	10.111	0.037
10.149	10.047	10.084	0.037
10.153	10.021	10.058	0.037
10.156	9.995	10.032	0.037
10.160	9.970	10.007	0.037
10.163	9.945	9.982	0.037
10.167	9.920	9.957	0.037
10.170	9.895	9.933	0.037
10.174	9.871	9.908	0.037
10.177	9.847	9.884	0.037
10.181	9.823	9.861	0.037
10.184	9.800	9.837	0.037
10.188	9.777	9.814	0.038
10.191	9.754	9.791	0.038
10.194	9.731	9.769	0.038
10.198	9.709	9.746	0.038
10.201	9.687	9.724	0.038
10.205	9.665	9.703	0.038
10.208	9.643	9.681	0.038
10.212	9.622	9.659	0.038
10.215	9.600	9.638	0.038
10.219	9.579	9.617	0.038
10.222	9.558	9.597	0.038
10.226	9.538	9.576	0.038
10.229	9.517	9.556	0.038
10.233	9.497	9.536	0.038
10.236	9.477	9.516	0.039
10.240	9.457	9.496	0.039
10.243	9.438	9.476	0.039
10.247	9.418	9.457	0.039
10.250	9.399	9.438	0.039
10.253	9.380	9.419	0.039
10.257	9.361	9.400	0.039
10.260	9.342	9.382	0.039
10.264	9.324	9.363	0.040
10.267	9.306	9.345	0.040
10.271	9.288	9.328	0.040
10.274	9.270	9.310	0.040
10.278	9.252	9.293	0.041
10.281	9.235	9.276	0.041
10.285	9.218	9.259	0.041
10.288	9.201	9.242	0.041
10.292	9.184	9.225	0.041
10.295	9.168	9.209	0.041
10.299	9.152	9.193	0.041
10.302	9.136	9.178	0.042
10.306	9.121	9.163	0.042
10.309	9.106	9.148	0.042
10.313	9.091	9.133	0.043
10.316	9.076	9.119	0.043
10.319	9.062	9.105	0.043
10.323	9.048	9.091	0.043
10.326	9.034	9.078	0.043
10.330	9.021	9.064	0.043
10.333	9.008	9.051	0.043
10.337	8.995	9.039	0.043
10.340	8.983	9.027	0.044
10.344	8.971	9.016	0.045
10.347	8.959	9.005	0.045
10.351	8.948	8.994	0.046
10.354	8.937	8.984	0.047
10.358	8.927	8.974	0.047
10.361	8.917	8.965	0.048
10.365	8.908	8.956	0.048
10.368	8.899	8.947	0.048
10.372	8.890	8.938	0.048
10.375	8.883	8.930	0.048
10.378	8.875	8.923	0.048
10.382	8.869	8.917	0.049
10.385	8.863	8.913	0.049
10.389	8.858	8.908	0.050
10.392	8.853	8.905	0.051
10.396	8.850	8.902	0.052
10.399	8.847	8.900	0.053
10.403	8.844	8.898	0.053
10.406	8.843	8.896	0.054
10.410	8.842	8.896	0.054
10.413	8.842	8.895	0.054
10.417	8.843	8.896	0.053
10.420	8.844	8.897	0.053
10.424	8.846	8.899	0.053
10.427	8.849	8.902	0.053
10.431	8.853	8.906	0.053
10.434	8.858	8.911	0.053
10.438	8.863	8.916	0.053
10.441	8.869	8.922	0.053
10.444	8.875	8.928	0.053
10.448	8.883	8.936	0.053
10.451	8.890	8.943	0.053
10.455	8.898	8.951	0.053
10.458	8.907	8.960	0.053
10.462	8.916	8.969	0.053
10.465	8.925	8.979	0.053
10.469	8.935	8.989	0.053
10.472	8.945	8.999	0.054
10.476	8.956	9.010	0.054
10.479	8.967	9.021	0.055
10.483	8.978	9.033	0.055
10.486	8.990	9.045	0.056
10.490	9.002	9.058	0.056
10.493	9.015	9.071	0.056
10.497	9.028	9.084	0.056
10.500	9.042	9.098	0.056
10.503	9.057	9.113	0.057
10.507	9.072	9.131	0.059
10.510	9.089	9.149	0.061
10.514	9.106	9.169	0.063
10.517	9.124	9.189	0.065
10.521	9.144	9.211	0.067
10.524	9.164	9.233	0.069
10.528	9.186	9.256	0.070
10.531	9.209	9.280	0.071
10.535	9.233	9.305	0.071
10.538	9.259	9.330	0.071
10.542	9.287	9.356	0.069
10.545	9.316	9.385	0.069
10.549	9.346	9.416	0.070
10.552	9.379	9.450	0.071
10.556	9.413	9.485	0.072
10.559	9.449	9.522	0.073
10.563	9.487	9.560	0.073
10.566	9.526	9.600	0.074
10.569	9.567	9.641	0.074
10.573	9.609	9.683	0.074
10.576	9.653	9.726	0.073
10.580	9.697	9.770	0.073
10.583	9.743	9.816	0.072
10.587	9.790	9.862	0.072
10.590	9.838	9.908	0.070
10.594	9.886	9.956	0.069
10.597	9.936	10.004	0.068
10.601	9.985	10.052	0.067
10.604	10.036	10.102	0.066
10.608	10.087	10.152	0.065
10.611	10.139	10.203	0.065
10.615	10.191	10.255	0.065
10.618	10.243	10.308	0.065
10.622	10.296	10.361	0.065
10.625	10.349	10.415	0.066
10.628	10.403	10.471	0.068
10.632	10.457	10.528	0.071
10.635	10.511	10.586	0.074
10.639	10.566	10.644	0.078
10.642	10.622	10.704	0.082
10.646	10.679	10.765	0.086
10.649	10.737	10.827	0.090
10.653	10.796	10.890	0.093
10.656	10.858	10.953	0.095
10.660	10.921	11.018	0.096
10.663	10.987	11.083	0.095
10.667	11.056	11.149	0.093
10.670	11.128	11.219	0.090
10.674	11.204	11.292	0.089
10.677	11.282	11.369	0.086
10.681	11.364	11.448	0.083
10.684	11.449	11.528	0.079
10.688	11.536	11.611	0.075
10.691	11.626	11.696	0.070
10.694	11.716	11.782	0.066
10.698	11.808	11.870	0.062
10.701	11.899	11.959	0.060
10.705	11.990	12.051	0.061
10.708	12.079	12.143	0.064
10.712	12.165	12.228	0.062
10.715	12.249	12.304	0.055
10.719	12.329	12.376	0.047
10.722	12.405	12.444	0.040
10.726	12.477	12.510	0.033
10.729	12.546	12.573	0.028
10.733	12.610	12.635	0.025
10.736	12.671	12.694	0.023
10.740	12.729	12.752	0.023
10.743	12.783	12.808	0.025
10.747	12.835	12.863	0.028
10.750	12.884	12.917	0.033
10.753	12.932	12.967	0.035
10.757	12.977	13.012	0.035
10.760	13.021	13.055	0.033
10.764	13.064	13.095	0.030
10.767	13.105	13.132	0.027
10.771	13.144	13.168	0.024
10.774	13.182	13.202	0.020
10.778	13.217	13.234	0.018
10.781	13.249	13.265	0.016
10.785	13.279	13.294	0.015
10.788	13.305	13.321	0.017
10.792	13.327	13.347	0.020
10.795	13.345	13.367	0.022
10.799	13.359	13.380	0.022
10.802	13.368	13.389	0.022
10.806	13.373	13.395	0.022
10.809	13.373	13.397	0.024
10.813	13.370	13.396	0.026
10.816	13.363	13.392	0.029
10.819	13.353	13.385	0.032
10.823	13.342	13.376	0.034
10.826	13.328	13.364	0.037
10.830	13.313	13.351	0.037
10.833	13.298	13.334	0.036
10.837	13.284	13.321	0.037
10.840	13.270	13.311	0.041
10.844	13.258	13.302	0.044
10.847	13.248	13.294	0.046
10.851	13.239	13.286	0.047
10.854	13.231	13.278	0.047
10.858	13.223	13.270	0.046
10.861	13.217	13.262	0.045
10.865	13.211	13.253	0.043
10.868	13.204	13.245	0.041
10.872	13.196	13.236	0.040
10.875	13.187	13.227	0.040
10.878	13.175	13.212	0.037
10.882	13.161	13.192	0.031
10.885	13.143	13.168	0.025
10.889	13.123	13.141	0.018
10.892	13.098	13.112	0.013
10.896	13.071	13.080	0.009
10.899	13.039	13.046	0.006
10.903	13.005	13.009	0.005
10.906	12.967	12.971	0.004
10.910	12.926	12.931	0.005
10.913	12.882	12.889	0.007
10.917	12.835	12.845	0.010
10.920	12.786	12.800	0.014
10.924	12.734	12.752	0.018
10.927	12.681	12.702	0.022
10.931	12.626	12.651	0.025
10.934	12.569	12.598	0.029
10.938	12.511	12.544	0.033
10.941	12.452	12.488	0.036
10.944	12.392	12.430	0.038
10.948	12.331	12.371	0.040
10.951	12.270	12.311	0.040
10.955	12.209	12.249	0.040
10.958	12.148	12.185	0.037
10.962	12.087	12.125	0.037
10.965	12.027	12.067	0.040
10.969	11.968	12.010	0.043
10.972	11.909	11.954	0.046
10.976	11.851	11.899	0.048
10.979	11.793	11.844	0.050
10.983	11.737	11.789	0.052
10.986	11.681	11.734	0.053
10.990	11.627	11.679	0.053
10.993	11.572	11.624	0.052
10.997	11.519	11.569	0.051
11.000	11.465	11.514	0.049

The maximal absolute difference remains below 0.13°C. The Pearson correlation coefficient is 1.000 when rounded to the third digit.
