1.961198
2.210301
2.459403
2.708505
2.957608
3.145595
3.333088
3.520581
3.708074
3.840626
3.972282
4.103939
4.235596
4.308114
4.379175
4.450236
4.521297
4.572331
4.6227
4.67307
4.723439
4.760235
4.796464
4.832693
4.868922
4.89745
4.925589
4.953727
4.981866
5.007053
5.032065
5.057076
5.082088
5.107521
5.132984
5.158447
5.18391
5.211814
5.239909
5.268003
5.296097
5.327508
5.359208
5.390908
5.422608
5.45766
5.493035
5.52841
5.563785
5.602022
5.640563
5.679104
5.717645
5.749139
5.779813
5.810486
5.84116
5.872966
5.904914
5.936862
5.968811
6.001477
6.034242
6.067006
6.099771
6.132903
6.16609
6.199276
6.232463
6.265741
6.299034
6.332326
6.365619
6.398803
6.431968
6.465132
6.498297
6.531218
6.564094
6.596971
6.629847
6.662398
6.694888
6.727377
6.759866
6.79199
6.82404
6.85609
6.88814
6.919813
6.951406
6.982999
7.014591
7.045814
7.076954
7.108093
7.139233
7.170021
7.200725
7.231429
7.262133
7.292507
7.322799
7.353091
7.383383
7.413368
7.443272
7.473176
7.503081
7.532699
7.562238
7.591778
7.621317
7.650588
7.679782
7.708976
7.738169
7.767109
7.795973
7.824836
7.853699
7.88232
7.910863
7.939407
7.967951
7.996259
8.02449
8.052721
8.080952
8.108953
8.136875
8.164797
8.192719
8.220415
8.248029
8.275644
8.303259
8.33065
8.357958
8.385266
8.412574
8.439659
8.466658
8.493657
8.520656
8.547434
8.574123
8.600812
8.627501
8.65397
8.680347
8.706724
8.733101
8.759259
8.785323
8.811386
8.837449
8.863296
8.889045
8.914793
8.940542
8.966077
8.991511
9.016946
9.04238
9.067603
9.092723
9.117843
9.142964
9.167876
9.192684
9.217491
9.242298
9.266902
9.291398
9.315894
9.34039
9.364687
9.388875
9.413063
9.437251
9.461244
9.485128
9.509011
9.532894
9.556588
9.58017
9.603752
9.627334
9.650732
9.674017
9.697303
9.720588
9.743694
9.766688
9.789682
9.812675
9.835494
9.8582
9.880906
9.903612
9.926148
9.948572
9.970995
9.993419
10.015679
10.037825
10.059971
10.082117
10.104104
10.125977
10.147851
10.169724
10.191444
10.21305
10.234657
10.256263
10.277721
10.299065
10.320409
10.341753
10.362953
10.38404
10.405126
10.426213
10.44716
10.467993
10.488827
10.50966
10.530359
10.550944
10.571529
10.592113
10.612567
10.632908
10.653248
10.673588
10.693802
10.713902
10.734003
10.754103
10.77408
10.793944
10.813807
10.833671
10.853416
10.873046
10.892676
10.912307
10.931822
10.951222
10.970623
10.990023
11.009312
11.028486
11.04766
11.066833
11.085898
11.104847
11.123796
11.142745
11.161588
11.180316
11.199045
11.217773
11.236398
11.254907
11.273417
11.291926
11.310335
11.328626
11.346918
11.365209
11.383403
11.401479
11.419556
11.437632
11.455613
11.473475
11.491337
11.509199
11.526968
11.544619
11.562269
11.579919
11.597478
11.614917
11.632356
11.649795
11.667145
11.684374
11.701603
11.718831
11.735973
11.752993
11.770013
11.787033
11.803968
11.820779
11.837589
11.8544
11.871128
11.887731
11.904334
11.920937
11.937459
11.953855
11.970251
11.986647
12.002964
12.019152
12.035341
12.05153
12.067641
12.083623
12.099605
12.115587
12.131493
12.147269
12.163044
12.17882
12.194521
12.21009
12.225658
12.241227
12.256724
12.272086
12.287449
12.302811
12.318103
12.333258
12.348414
12.36357
12.378656
12.393605
12.408555
12.423504
12.438385
12.453128
12.467871
12.482613
12.49729
12.511826
12.526362
12.540898
12.55537
12.569699
12.584029
12.598358
12.612625
12.626747
12.64087
12.654993
12.669055
12.682971
12.696886
12.710802
12.724659
12.738368
12.752077
12.765787
12.779438
12.79294
12.806443
12.819945
12.833391
12.846687
12.859983
12.873279
12.88652
12.899609
12.912698
12.925787
12.938824
12.951706
12.964589
12.977471
12.990303
13.002978
13.015654
13.02833
13.040957
13.053426
13.065895
13.078364
13.090786
13.103049
13.115312
13.127575
13.139792
13.151849
13.163906
13.175963
13.187976
13.199828
13.21168
13.223532
13.235342
13.246988
13.258634
13.27028
13.281886
13.293329
13.304771
13.316213
13.327617
13.338855
13.350093
13.361331
13.372531
13.383565
13.3946
13.405634
13.416633
13.427464
13.438295
13.449127
13.459925
13.470554
13.481183
13.491812
13.502409
13.512836
13.523264
13.533692
13.544089
13.554316
13.564542
13.574769
13.584967
13.594994
13.605021
13.615048
13.625048
13.634875
13.644703
13.654531
13.664333
13.673963
13.683593
13.693223
13.70283
13.712263
13.721696
13.731129
13.740541
13.749778
13.759015
13.768253
13.77747
13.786513
13.795555
13.804598
13.813623
13.822472
13.831321
13.840171
13.849003
13.857661
13.866318
13.874976
13.883618
13.892085
13.900551
13.909018
13.917471
13.925749
13.934026
13.942304
13.95057
13.958659
13.966748
13.974837
13.982917
13.99082
13.998723
14.006626
14.014521
14.022239
14.029956
14.037674
14.045385
14.05292
14.060455
14.06799
14.075519
14.082872
14.090225
14.097578
14.104927
14.1121
14.119272
14.126445
14.133615
14.14061
14.147604
14.154599
14.161592
14.16841
14.175228
14.182046
14.188863
14.195506
14.202149
14.208791
14.215433
14.221904
14.228374
14.234843
14.241312
14.247613
14.253911
14.260209
14.266507
14.27264
14.278768
14.284897
14.291025
14.296992
14.302952
14.308913
14.314873
14.320675
14.32647
14.332266
14.338061
14.3437
14.349331
14.354962
14.360593
14.366072
14.371541
14.37701
14.382479
14.387799
14.393108
14.398417
14.403726
14.40889
14.414041
14.419193
14.424345
14.429353
14.434349
14.439344
14.444339
14.449194
14.454035
14.458877
14.463718
14.468422
14.473111
14.4778
14.482489
14.487045
14.491584
14.496124
14.500664
14.505072
14.509464
14.513856
14.518247
14.522511
14.526756
14.531002
14.535247
14.539367
14.543468
14.54757
14.551671
14.55565
14.55961
14.563569
14.567529
14.571369
14.575189
14.579009
14.582829
14.586532
14.590214
14.593896
14.597578
14.601147
14.604694
14.608241
14.611788
14.615224
14.618638
14.622052
14.625466
14.628772
14.632054
14.635337
14.638619
14.641796
14.644949
14.648101
14.651254
14.654304
14.657329
14.660354
14.66338
14.666305
14.669205
14.672106
14.675006
14.677809
14.680586
14.683363
14.68614
14.688822
14.691478
14.694134
14.69679
14.699354
14.701891
14.704429
14.706966
14.709414
14.711833
14.714253
14.716673
14.719006
14.721311
14.723616
14.725921
14.728141
14.730332
14.732524
14.734715
14.736825
14.738906
14.740987
14.743067
14.745068
14.74704
14.749012
14.750984
14.752878
14.754743
14.756607
14.758472
14.760261
14.76202
14.76378
14.765539
14.767225
14.768882
14.770539
14.772195
14.773781
14.775337
14.776892
14.778448
14.779934
14.78139
14.782846
14.784302
14.785691
14.78705
14.788409
14.789769
14.791063
14.792326
14.793589
14.794852
14.796053
14.797223
14.798394
14.799564
14.800673
14.801752
14.80283
14.803909
14.804929
14.805918
14.806907
14.807895
14.808827
14.809728
14.810629
14.81153
14.812376
14.813192
14.814007
14.814822
14.815584
14.816314
14.817045
14.817775
14.818455
14.819103
14.819751
14.820399
14.820998
14.821566
14.822133
14.822701
14.823221
14.823709
14.824198
14.824686
14.825129
14.82554
14.825952
14.826363
14.82673
14.827067
14.827403
14.82774
14.828033
14.828296
14.828558
14.82882
14.829041
14.829232
14.829422
14.829613
14.829764
14.829883
14.830003
14.830122
14.830204
14.830255
14.830306
14.830358
14.830372
14.830356
14.83034
14.830324
14.830273
14.830191
14.83011
14.830028
14.829913
14.829767
14.829622
14.829477
14.829299
14.829092
14.828884
14.828677
14.828438
14.82817
14.827902
14.827634
14.827335
14.827008
14.82668
14.826352
14.825996
14.825611
14.825226
14.82484
14.824427
14.823986
14.823544
14.823102
14.822634
14.822138
14.821642
14.821146
14.820624
14.820074
14.819525
14.818975
14.818401
14.8178
14.817198
14.816597
14.815973
14.815321
14.814669
14.814018
14.813344
14.812643
14.811943
14.811242
14.81052
14.809773
14.809025
14.808277
14.807509
14.806715
14.80592
14.805126
14.804312
14.803473
14.802634
14.801795
14.800937
14.800054
14.799171
14.798288
14.797388
14.796463
14.795538
14.794613
14.793671
14.792705
14.791739
14.790774
14.789792
14.788786
14.78778
14.786775
14.785754
14.78471
14.783666
14.782622
14.781563
14.780482
14.779401
14.778319
14.777224
14.776107
14.774989
14.773872
14.772742
14.771589
14.770437
14.769284
14.76812
14.766934
14.765748
14.764562
14.763364
14.762145
14.760926
14.759708
14.758478
14.757229
14.75598
14.754731
14.753472
14.752192
14.750913
14.749634
14.748345
14.747037
14.745729
14.74442
14.743103
14.741767
14.74043
14.739094
14.737749
14.736385
14.735022
14.733658
14.732286
14.730897
14.729507
14.728117
14.72672
14.725305
14.723891
14.722476
14.721055
14.719616
14.718177
14.716739
14.715294
14.713832
14.712371
14.71091
14.709443
14.707959
14.706476
14.704993
14.703504
14.702
14.700496
14.698991
14.697482
14.695958
14.694433
14.692909
14.69138
14.689836
14.688293
14.68675
14.685202
14.68364
14.682077
14.680515
14.678949
14.67737
14.675791
14.674211
14.672628
14.671033
14.669437
14.667842
14.666243
14.664631
14.66302
14.661409
14.659794
14.658168
14.656541
14.654914
14.653285
14.651645
14.650004
14.648364
14.646721
14.645068
14.643415
14.641761
14.640105
14.63844
14.636774
14.635108
14.63344
14.631762
14.630084
14.628407
14.626727
14.625039
14.623351
14.621662
14.619972
14.618274
14.616575
14.614876
14.613176
14.611468
14.60976
14.608052
14.606343
14.604626
14.602909
14.601192
14.599474
14.597749
14.596024
14.594299
14.592574
14.590841
14.589109
14.587376
14.585643
14.583904
14.582166
14.580427
14.578688
14.576943
14.575198
14.573454
14.571709
14.569959
14.568209
14.566459
14.564708
14.562953
14.561199
14.559444
14.557689
14.55593
14.55417
14.552411
14.550652
14.548889
14.547126
14.545364
14.543601
14.541835
14.54007
14.538304
14.536539
14.534771
14.533003
14.531236
14.529468
14.527698
14.525929
14.524159
14.52239
14.520619
14.518847
14.517076
14.515305
14.513533
14.511761
14.509989
14.508217
14.506445
14.504673
14.502901
14.501129
14.499357
14.497585
14.495814
14.494042
14.492271
14.4905
14.48873
14.486959
14.485189
14.48342
14.481651
14.479881
14.478114
14.476346
14.474579
14.472811
14.471046
14.46928
14.467515
14.465749
14.463987
14.462224
14.460462
14.4587
14.456939
14.455179
14.45342
14.45166
14.449903
14.448147
14.446391
14.444635
14.442883
14.441131
14.439379
14.437627
14.435879
14.434132
14.432384
14.430636
14.428893
14.427149
14.425406
14.423663
14.421925
14.420187
14.418449
14.416711
14.414978
14.413246
14.411513
14.409781
14.408053
14.406327
14.4046
14.402873
14.401152
14.399431
14.397711
14.39599
14.394276
14.392561
14.390847
14.389133
14.387425
14.385718
14.384011
14.382303
14.380602
14.378902
14.377202
14.375502
14.373809
14.372116
14.370423
14.36873
14.367044
14.365359
14.363674
14.361989
14.360312
14.358636
14.35696
14.355284
14.353614
14.351946
14.350278
14.34861
14.346949
14.34529
14.34363
14.341971
14.340319
14.338668
14.337017
14.335366
14.333723
14.332082
14.330441
14.328799
14.327165
14.325532
14.3239
14.322267
14.320642
14.319019
14.317397
14.315774
14.314159
14.312546
14.310933
14.30932
14.307714
14.306111
14.304508
14.302905
14.301309
14.299717
14.298124
14.296531
14.294947
14.293365
14.291782
14.2902
14.288626
14.287055
14.285483
14.283912
14.282348
14.280787
14.279226
14.277666
14.276113
14.274562
14.273012
14.271462
14.26992
14.268381
14.266843
14.265304
14.263774
14.262247
14.260719
14.259192
14.257673
14.256158
14.254642
14.253127
14.25162
14.250116
14.248612
14.247108
14.245613
14.244121
14.242629
14.241137
14.239653
14.238173
14.236693
14.235213
14.233741
14.232273
14.230804
14.229336
14.227876
14.22642
14.224963
14.223507
14.222059
14.220615
14.219171
14.217727
14.216291
14.21486
14.213428
14.211997
14.210574
14.209155
14.207736
14.206317
14.204907
14.203501
14.202094
14.200688
14.19929
14.197897
14.196503
14.19511
14.193724
14.192343
14.190962
14.189581
14.188208
14.18684
14.185472
14.184104
14.182744
14.181388
14.180033
14.178677
14.17733
14.175987
14.174645
14.173302
14.171967
14.170637
14.169308
14.167978
14.166656
14.165339
14.164022
14.162705
14.161396
14.160092
14.158787
14.157483
14.156187
14.154896
14.153605
14.152314
14.15103
14.149752
14.148473
14.147195
14.145924
14.14466
14.143395
14.14213
14.140873
14.139622
14.138372
14.137121
14.135877
14.13464
14.133403
14.132166
14.130937
14.129713
14.12849
14.127267
14.126051
14.124842
14.123632
14.122423
14.121221
14.120025
14.118829
14.117634
14.116445
14.115264
14.114082
14.1129
14.111725
14.110557
14.109389
14.108221
14.10706
14.105906
14.104751
14.103597
14.10245
14.101309
14.100169
14.099028
14.097895
14.096768
14.095641
14.094515
14.093395
14.092282
14.091169
14.090056
14.08895
14.087851
14.086752
14.085653
14.08456
14.083475
14.08239
14.081304
14.080225
14.079154
14.078083
14.077011
14.075946
14.074888
14.073831
14.072773
14.071721
14.070677
14.069632
14.068587
14.067548
14.066517
14.065485
14.064453
14.063427
14.062408
14.061388
14.060369
14.059356
14.05835
14.057344
14.056338
14.055337
14.054344
14.05335
14.052357
14.051369
14.050388
14.049408
14.048427
14.047452
14.046484
14.045517
14.044549
14.043587
14.042632
14.041678
14.040723
14.039773
14.038831
14.037889
14.036947
14.03601
14.035081
14.034152
14.033223
14.032299
14.031382
14.030466
14.029549
14.028638
14.027734
14.026831
14.025927
14.025028
14.024137
14.023246
14.022355
14.021468
14.02059
14.019711
14.018833
14.017959
14.017093
14.016227
14.015361
14.014499
14.013645
14.012792
14.011939
14.011089
14.010249
14.009408
14.008568
14.007731
14.006903
14.006075
14.005247
14.004423
14.003607
14.002792
14.001976
14.001165
14.000361
13.999558
13.998754
13.997954
13.997163
13.996371
13.995579
13.994791
13.994011
13.993231
13.992451
13.991674
13.990907
13.990139
13.989371
13.988607
13.987851
13.987095
13.986339
13.985586
13.984842
13.984098
13.983354
13.982613
13.981881
13.981149
13.980417
13.979688
13.978967
13.978247
13.977527
13.976809
13.976101
13.975392
13.974683
13.973977
13.973279
13.972582
13.971885
13.97119
13.970504
13.969819
13.969134
13.968451
13.967777
13.967103
13.966429
13.965757
13.965095
13.964433
13.963771
13.963111
13.962459
13.961808
13.961156
13.960507
13.959866
13.959226
13.958585
13.957947
13.957316
13.956686
13.956056
13.955427
13.954808
13.954189
13.95357
13.952953
13.952344
13.951735
13.951127
13.95052
13.949922
13.949324
13.948727
13.948131
13.947543
13.946956
13.946368
13.945782
13.945205
13.944628
13.944051
13.943476
13.942909
13.942343
13.941777
13.941212
13.940656
13.9401
13.939544
13.938989
13.938443
13.937898
13.937352
13.936807
13.936272
13.935736
13.9352
13.934666
13.93414
13.933614
13.933088
13.932563
13.932046
13.931529
13.931012
13.930496
13.929989
13.929482
13.928975
13.928469
13.927972
13.927475
13.926977
13.926481
13.925993
13.925505
13.925017
13.924529
13.92405
13.923571
13.923093
13.922614
13.922145
13.921676
13.921206
13.920737
13.920277
13.919817
13.919356
13.918896
13.918445
13.917995
13.917544
13.917093
13.916651
13.91621
13.915768
13.915327
13.914894
13.91446
13.914027
13.913594
13.91317
13.912745
13.912321
13.911897
13.911481
13.911065
13.910649
13.910233
13.909825
13.909418
13.90901
13.908603
13.908204
13.907806
13.907407
13.907009
13.906618
13.906228
13.905837
13.905447
13.905064
13.904682
13.9043
13.903918
13.903543
13.90317
13.902796
13.902422
13.902056
13.901691
13.901325
13.90096
13.900602
13.900245
13.899888
13.899531
13.899181
13.898831
13.898481
13.898131
13.897788
13.897446
13.897103
13.89676
13.896425
13.89609
13.895755
13.895421
13.895092
13.894764
13.894436
13.894109
13.893788
13.893467
13.893147
13.892827
13.892514
13.892201
13.891888
13.891575
13.891268
13.890962
13.890656
13.89035
13.89005
13.889751
13.889452
13.889153
13.888861
13.888569
13.888277
13.887986
13.8877
13.887416
13.887131
13.886847
13.886568
13.88629
13.886012
13.885734
13.885461
13.88519
13.884918
13.884646
13.884379
13.884114
13.883848
13.883582
13.883322
13.883063
13.882803
13.882544
13.88229
13.882037
13.881783
13.88153
13.881282
13.881035
13.880787
13.88054
13.880298
13.880057
13.879816
13.879575
13.879338
13.879103
13.878868
13.878633
13.878403
13.878174
13.877945
13.877716
13.877491
13.877268
13.877045
13.876821
13.876603
13.876385
13.876168
13.875951
13.875738
13.875526
13.875315
13.875103
13.874895
13.874689
13.874482
13.874276
13.874073
13.873872
13.873671
13.87347
13.873272
13.873076
13.87288
13.872684
13.872492
13.872301
13.872111
13.87192
13.871733
13.871547
13.871362
13.871176
13.870994
13.870814
13.870634
13.870453
13.870276
13.870101
13.869925
13.86975
13.869578
13.869408
13.869237
13.869067
13.8689
13.868734
13.868568
13.868403
13.868241
13.86808
13.86792
13.867759
13.867602
13.867447
13.867291
13.867136
13.866983
13.866832
13.86668
13.866529
13.86638
13.866233
13.866086
13.865939
13.865794
13.865651
13.865508
13.865364
13.865224
13.865085
13.864945
13.864806
13.86467
13.864535
13.8644
13.864265
13.864132
13.864001
13.863869
13.863738
13.86361
13.863483
13.863356
13.86323
13.863105
13.862982
13.862858
13.862735
13.862614
13.862495
13.862376
13.862257
13.862139
13.862024
13.861908
13.861793
13.86168
13.861568
13.861456
13.861344
13.861235
13.861127
13.861019
13.860911
13.860805
13.8607
13.860596
13.860492
13.86039
13.860289
13.860188
13.860088
13.859989
13.859891
13.859793
13.859695
13.859599
13.859504
13.859409
13.859314
13.85922
13.859128
13.859036
13.858943
13.858853
13.858763
13.858674
13.858585
13.858497
13.85841
13.858324
13.858237
13.858152
13.858069
13.857986
13.857902
13.85782
13.857739
13.857658
13.857577
13.857497
13.857419
13.857341
13.857263
13.857186
13.857111
13.857035
13.856959
13.856885
13.856812
13.856739
13.856666
13.856595
13.856524
13.856454
13.856384
13.856315
13.856247
13.856179
13.856112
13.856045
13.85598
13.855916
13.855851
13.855787
13.855725
13.855662
13.8556
13.855539
13.855479
13.855419
13.85536
13.855301
13.855244
13.855186
13.855129
13.855072
13.855017
13.854962
13.854906
13.854852
13.854798
13.854744
13.854691
13.854638
13.854586
13.854535
13.854483
13.854432
13.854382
13.854333
13.854283
13.854234
13.854186
13.854138
13.85409
13.854043
13.853997
13.853951
13.853905
13.853859
13.853816
13.853772
13.853728
13.853684
13.853642
13.8536
13.853557
13.853516
13.853475
13.853435
13.853395
13.853355
13.853317
13.853278
13.853239
13.853201
13.853165
13.853128
13.853091
13.853055
13.85302
13.852985
13.85295
13.852915
13.852882
13.852848
13.852815
13.852782
13.85275
13.852718
13.852686
13.852655
13.852624
13.852594
13.852564
13.852534
13.852506
13.852477
13.852448
13.85242
13.852393
13.852367
13.85234
13.852314
13.852289
13.852263
13.852238
13.852213
13.85219
13.852166
13.852142
13.852119
13.852097
13.852075
13.852053
13.852032
13.852011
13.85199
13.851969
13.851949
13.851929
13.851908
13.851888
13.851868
13.851849
13.85183
13.851811
13.851791
13.851773
13.851754
13.851735
13.851717
13.851699
13.851681
13.851663
13.851645
13.851628
13.851611
13.851593
13.851576
13.85156
13.851544
13.851527
13.851511
13.851495
13.851479
13.851463
13.851447
13.851432
13.851417
13.851402
13.851387
13.851373
13.851358
13.851344
13.851329
13.851316
13.851302
13.851288
13.851275
13.851262
13.851249
13.851236
13.851223
13.851211
13.851198
13.851186
13.851174
13.851163
13.851151
13.85114
13.851128
13.851118
13.851107
13.851096
13.851086
13.851075
13.851065
13.851055
13.851045
13.851035
13.851026
13.851016
13.851007
13.850998
13.850989
13.850981
13.850972
13.850964
13.850957
13.850949
13.850941
13.850934
13.850926
13.850919
13.850911
13.850905
13.850898
13.850892
13.850885
13.85088
13.850874
13.850868
13.850862
13.850857
13.850852
13.850847
13.850842
13.850837
13.850833
13.850828
13.850824
13.85082
13.850816
13.850813
13.850809
13.850805
13.850802
13.850798
13.850795
13.850792
13.850789
13.850786
13.850783
13.85078
13.850778
13.850775
13.850773
13.850771
13.850769
13.850767
13.850765
13.850763
13.850762
13.85076
13.850759
13.850758
13.850757
13.850756
13.850755
13.850754
13.850753
13.850753
13.850752
13.850752
13.850752
13.850752
13.850752